113.46007,386.88312,135.1404,418.74164
49.1547,134.5845,77.351326,183.26004
57.790417,592.3936,85.16872,626.9842
119.74187,564.95764,144.11345,597.8098
80.75293,317.72888,104.24347,351.96643
16.325527,301.68585,42.506065,338.44318
50.285355,455.79187,74.27544,492.33655
49.16973,346.07632,70.175125,374.00418
111.956406,178.1886,141.07906,225.14722
27.634727,6.1966934,57.50627,47.47898
21.304924,507.91187,45.920364,538.1699
90.51738,623.5503,113.50673,639.89307
88.22435,98.27608,111.590164,134.76485
0.75164795,0.0,25.971544,63.680523
0.0,266.21814,14.29635,303.5229
0.072208405,0.0,13.921625,71.34395
