86.896515,539.0248,110.97693,568.42053
105.09143,369.9496,137.34846,412.61743
115.65607,474.13416,138.88782,505.6474
0.044171333,514.474,14.642117,546.5979
52.528305,218.93686,75.92171,250.44681
58.93161,569.53046,83.99635,602.15936
121.366,596.6695,145.44894,628.3658
0.18434906,0.11039734,22.885078,18.903057
49.1286,360.9566,72.043564,392.7768
19.244976,315.31845,40.935627,347.41428
83.72189,419.56378,106.0739,448.72748
25.367928,564.17456,47.623848,591.8645
51.83918,451.26743,78.930305,484.52036
0.346447,100.228836,22.871101,140.67532
45.211746,307.45245,70.655685,341.17804
20.33149,228.87604,44.682106,258.4384
83.47041,257.28418,107.535416,290.2412
127.22745,19.611053,152.29242,54.560905
0.7773075,615.8356,24.487675,639.8263
116.79428,198.38937,140.79443,236.58432
76.50792,319.8589,103.642075,353.43103
52.897816,82.324005,82.05504,126.57756
93.97356,628.29205,115.07446,639.9908
28.02121,621.0991,51.175423,639.98315
86.66437,138.48923,110.76495,173.33157
119.86929,112.204636,145.68622,147.14699
90.63313,72.71944,113.14906,108.20874
21.35883,146.60965,50.816227,191.28052
0.0,202.79167,12.280248,232.93752
54.31849,155.55951,78.66039,192.5152
28.562141,32.627922,53.469536,70.46948
