104.93594,330.6929,136.88943,375.77103
22.97918,530.88745,46.605873,558.9785
85.28151,503.25702,109.16618,534.41534
60.167908,604.0556,84.52127,637.04803
114.37219,434.44098,137.43727,463.8144
83.112,387.24252,105.41333,418.10086
51.282192,424.37372,77.0679,458.1502
0.0,56.651283,24.179832,96.39062
0.07997322,576.6021,21.372871,606.4583
57.200367,540.7682,82.59816,572.38245
118.63856,554.5619,142.01727,585.2101
77.249725,287.9846,104.030914,323.10825
46.681145,279.96207,72.24844,314.97446
19.217468,279.06775,42.133785,310.08618
91.21094,590.66724,114.14343,621.08374
49.459732,337.0876,71.61351,368.6548
27.407364,587.92645,49.93132,618.32
30.85456,0.37649345,57.28215,31.117374
23.150057,195.72134,46.81436,224.6915
24.168497,109.73677,51.23397,156.18822
53.41548,190.5505,77.21814,222.30142
89.159904,100.075134,111.95313,135.42435
121.74934,72.91571,148.0857,108.05496
0.0,156.95471,14.724726,190.40845
55.270626,128.18835,79.98114,161.51807
118.244385,164.83429,142.88663,202.14465
55.064438,49.517166,83.058716,94.56894
91.5789,32.346954,115.971664,68.72127
0.0,471.54248,10.8929405,503.81458
130.65714,0.0,153.43039,9.346935
