20.154108,370.18445,44.60766,399.46094
50.511444,411.29407,73.803635,443.3792
116.073326,503.7362,142.60873,537.45654
51.818047,483.62927,76.25811,513.921
54.86953,560.5602,80.205315,590.0393
26.594479,545.3198,48.160625,573.1649
18.750881,299.36603,41.65331,331.8991
78.53215,344.98523,102.97325,375.8767
49.737778,336.11383,74.09466,368.69196
119.941376,75.352394,144.82816,111.876976
0.105677605,557.912,15.803109,586.4962
0.0,59.597683,17.157558,94.81128
90.90434,4.089836,119.087875,44.34371
109.09941,252.89102,138.37206,294.02878
116.93652,413.51184,140.69849,445.6797
25.998413,111.10903,49.237404,146.89871
108.316284,360.52673,135.0662,393.61554
83.46365,236.10529,106.30792,267.8849
82.277405,484.55072,108.17856,516.6038
28.700745,24.846947,54.83738,62.791573
51.641644,172.71176,77.56947,207.2822
22.972893,244.47943,46.53582,277.03662
23.186035,191.15146,47.185738,224.27798
84.53937,115.622025,110.86749,151.88963
48.632164,265.2893,72.41845,299.18042
59.47813,78.03888,83.737686,113.685104
125.509674,0.0,151.2266,10.600861
