81.55481,212.47647,106.22432,252.55258
50.07728,475.06052,72.74998,506.13455
112.420334,460.82446,135.68324,495.1349
42.76053,285.97253,71.81322,328.86023
0.08869362,436.22888,15.462271,472.85406
90.60559,28.295591,115.13762,67.78525
123.208244,0.0,150.80176,18.389425
15.588978,503.94324,44.557022,540.85535
111.323,323.62067,134.14157,356.73322
0.16029358,17.387241,23.757439,54.2344
91.12537,579.74915,115.07138,612.5094
115.66043,166.98264,139.08035,200.45193
59.847393,580.52026,83.65108,609.7411
0.0,217.65466,10.657962,264.21808
