19.093002,323.24887,42.401512,355.88907
30.839405,570.16956,56.518818,603.6581
125.27628,0.0,152.01694,16.272816
51.503876,477.53287,75.42317,509.87857
0.024197578,499.76294,15.733019,531.92175
49.587616,342.83508,76.00036,378.911
59.281822,611.12506,83.91799,639.79376
19.606522,231.5539,42.049885,262.77686
25.793,491.91083,48.02865,526.356
113.531296,113.464775,143.84544,154.4281
0.0,107.38068,18.11989,142.38023
111.08389,343.09732,136.27362,378.20767
0.2031393,200.16264,14.915417,232.66667
86.80192,550.3988,111.87873,585.21716
98.06085,606.56805,126.061676,638.9842
26.067596,43.155525,50.437256,81.79311
86.117645,145.59845,111.59543,180.31964
92.58887,0.05150795,117.17328,8.975239
