18.797337,295.96008,40.73107,328.67676
51.05995,208.67456,72.57354,238.25424
0.020860672,200.56647,16.21498,230.8399
115.28221,524.40454,142.58083,559.9448
90.496086,20.96362,116.43984,54.850407
0.110507965,572.68854,21.32413,601.5961
25.04612,549.729,51.367287,587.9629
83.2847,468.16217,106.28963,498.9334
54.07541,484.35883,76.96095,515.4474
106.373215,303.5446,128.17055,336.12704
80.88074,295.61832,105.09839,328.05197
90.64731,625.36426,113.81891,639.90295
85.02714,149.1285,109.360725,183.7332
59.74922,599.7606,84.67799,630.5121
0.0,333.23288,11.491382,362.7371
