0.1807518,562.31274,23.209835,596.27747
115.69652,483.53748,141.61073,518.73584
50.09278,412.5515,72.87773,446.14636
126.3633,0.0,148.69505,17.795208
18.227058,268.93332,44.716805,307.23892
83.42946,492.4995,107.81343,527.9459
0.118881226,87.28523,22.723698,123.26848
111.62927,358.7013,135.03159,390.5066
46.3575,306.59064,71.729576,342.33978
110.00734,238.09497,134.36955,273.23914
77.304016,152.47025,104.68982,187.4957
45.584755,204.0326,70.90817,239.76978
59.965694,622.2513,86.05493,640.0
116.17964,139.41113,141.57906,175.5332
0.0,268.18817,13.18097,304.43536
