82.62004,291.31912,106.081055,322.69962
108.22777,420.04437,130.44618,453.02075
0.1262455,354.739,14.493752,383.7704
21.106983,429.23364,44.493023,460.32507
0.0,481.8006,15.013073,509.88287
79.040405,177.66364,104.48584,213.51129
81.901276,442.7736,104.92279,474.6514
48.3907,363.20547,71.46132,392.43002
25.461308,104.86417,49.30557,140.27737
0.09890747,0.797142,23.386803,46.71042
82.70327,611.42456,113.43484,639.9712
61.833496,611.84064,87.023026,640.0
89.20232,24.590403,116.20494,64.32885
61.70835,611.4503,113.162315,640.0
121.818085,0.22059631,149.40158,33.262817
