0.0,521.3937,18.187971,556.06006
115.02251,376.7854,139.23236,409.31958
19.235802,366.0198,42.73513,396.7819
77.92041,384.50793,106.45944,420.94934
48.322556,290.44293,73.094696,323.77094
27.76158,519.9121,51.013947,549.9171
20.39766,257.81598,47.80461,297.55267
116.38196,487.98383,141.94366,521.1927
15.84173,0.05235672,56.21926,59.923286
50.79595,211.90515,74.4884,245.33313
111.99725,253.59473,137.43523,290.187
86.0323,534.204,109.81601,566.56445
53.311317,355.1858,76.58988,387.89697
81.252,303.52206,104.70044,340.21542
55.3972,580.73145,83.647446,615.7007
52.191,466.67963,76.43571,499.57123
83.23071,196.84875,108.14032,227.53296
97.49782,0.0,122.57706,16.410423
15.145573,16.842533,55.16267,60.32349
32.48655,90.545204,80.67441,167.53226
118.65719,178.22336,141.33371,210.71121
94.488976,630.68005,117.126015,639.91895
0.0,407.6073,10.825453,437.07648
