81.546135,412.1532,106.25106,443.73657
19.770279,484.04315,42.44608,513.9998
15.113044,358.1306,38.826614,391.20837
82.428314,203.37015,106.20178,235.59195
48.760094,443.19302,74.19191,476.3635
89.547264,558.303,112.5752,589.5692
57.311916,557.4005,79.246216,588.17957
31.631516,610.9447,55.299652,637.401
0.19317245,124.43396,18.875896,165.4401
46.42711,278.00098,74.05558,315.4378
115.71863,139.2625,141.61752,175.0052
107.98273,281.62274,136.10504,318.20435
117.50836,561.3624,146.07266,599.9413
79.940895,296.40332,102.342384,326.88196
127.96484,0.2192421,154.70981,32.786415
88.23252,23.039642,117.75652,64.75399
0.36278725,13.498562,23.424217,49.000668
24.36074,209.29836,46.97323,242.16286
0.0,410.91766,11.797742,438.1678
0.0,587.5636,14.84997,615.6107
52.388596,175.78651,78.9211,211.34303
