113.285446,288.48724,137.39409,324.18097
0.20484352,493.59064,22.940798,522.3521
51.270546,228.20578,74.131966,263.03094
115.64935,164.38452,140.35675,200.82666
0.0,187.79257,16.000088,221.76724
22.059174,454.40225,46.297478,484.51773
25.525913,106.0083,50.016163,144.96777
17.189667,301.76428,46.1099,338.98383
80.3058,359.62628,103.4536,393.33813
108.376205,462.57434,134.86653,495.8573
0.21372414,43.923866,22.672676,78.342514
54.967278,473.08725,78.645836,504.96182
89.026405,556.711,114.29757,593.2464
62.91477,4.374775,86.43616,43.196697
52.209766,561.5106,77.89592,591.5134
25.43158,540.5574,49.51763,573.32874
59.50457,97.922134,83.35201,132.1911
0.08593178,332.15234,13.350159,379.6438
