0.1115551,429.7942,16.942205,460.1977
34.238525,1.1685715,58.91182,34.82965
16.566296,333.31,40.726116,363.1297
22.933136,480.154,45.40497,509.54462
47.228195,417.26318,70.09702,447.81836
115.55267,451.4129,140.31226,484.17505
58.000053,556.63135,81.86881,589.46924
51.100945,257.01486,73.220245,288.25742
81.12913,321.7891,103.88178,355.13254
82.98328,455.18707,106.75391,483.92426
18.919243,180.86406,46.584145,219.97255
89.64249,594.1967,113.54114,626.5722
0.0,137.19833,19.757614,173.83167
120.13873,204.17816,142.34558,236.51471
86.86842,163.86118,112.99739,200.10269
115.56461,107.511765,141.37247,145.45625
55.437065,140.03085,78.14236,171.78311
