19.759787,321.40286,44.97129,356.44485
48.36631,355.31226,74.27545,391.6021
0.00820446,101.60924,15.700601,137.54504
114.431854,438.9335,137.66293,474.46793
52.960907,148.88907,77.769104,182.56662
54.84426,464.9322,76.774925,493.56256
80.22506,242.7274,103.54659,273.93518
82.80432,517.2837,106.709595,551.1819
0.06550026,449.00128,17.066568,484.11713
110.992905,312.35715,133.64586,345.04636
83.12544,391.76953,106.297806,424.27173
87.655716,120.06517,113.505905,156.55168
57.744522,557.9664,80.03305,587.83417
28.981289,52.458168,55.18408,86.937035
60.211403,25.318481,85.92809,60.065536
116.175964,107.92647,142.30048,144.44814
126.37503,0.0,146.19464,6.647027
0.0,275.8853,10.332329,311.24225
