49.529648,369.09766,73.37808,399.13245
51.66507,211.52875,75.26397,243.59729
18.022812,331.0374,42.64233,364.11932
110.35596,174.23405,135.16672,208.91676
114.467865,430.36887,139.38141,464.88907
58.173923,58.86497,83.68616,96.49028
25.86742,467.6573,48.221783,497.81445
78.462326,352.39154,101.83864,384.93353
54.78807,484.21252,77.1407,515.5925
85.3611,413.9242,107.61664,442.16492
0.72328186,588.30774,26.095135,620.95715
29.38994,589.408,53.74031,620.65875
94.225296,0.012723923,122.5968,27.403711
0.1307497,106.44339,15.785307,147.84554
27.059265,115.60834,51.377876,147.656
0.04572296,374.43945,14.324018,404.1773
57.37387,598.4107,84.71594,630.11176
92.85149,596.7322,116.19194,626.75757
