0.69163895,1.4852371,24.011816,38.60488
109.86131,92.81908,145.85721,141.58446
0.051361084,106.96512,18.038898,155.48105
121.97928,610.4564,148.82782,640.0
108.73451,313.25012,135.48338,348.71387
81.84384,335.51672,104.233765,367.52777
80.3152,244.39352,104.53888,279.10233
18.87051,327.1483,42.64691,356.6315
58.445663,62.841537,80.96919,99.91661
43.07708,365.0773,65.5955,397.57413
88.53343,505.36932,111.76929,538.8941
0.24683762,613.51904,22.01392,640.0
114.17647,489.3471,139.52998,523.6346
13.146271,463.7047,36.076187,498.42322
32.22238,0.0,57.45916,10.214111
32.009987,470.78204,78.74742,554.0903
1.105648,154.27576,50.799152,234.15234
0.0,390.41107,13.799038,424.1897
