50.01322,397.55893,71.715904,431.8436
115.571075,326.71555,138.85446,358.7639
71.72572,275.53104,106.1311,325.87582
81.60687,499.2184,108.91626,532.7079
22.216644,531.0665,48.931572,565.3561
123.933586,0.0,147.401,21.085938
49.895447,53.597336,83.620346,111.80556
20.256012,623.3025,47.50759,639.8065
82.28784,429.95032,104.889435,462.7497
59.49395,622.1636,83.44224,640.0
21.11971,259.5478,45.956703,291.3177
0.0,86.54718,20.311117,118.51544
56.196808,543.88525,78.30467,572.8533
26.99611,71.2849,48.449112,105.176285
112.36771,167.7749,138.51016,205.55579
32.180695,0.0,56.035706,10.441103
116.51928,477.7556,140.00745,511.39355
119.96479,544.1749,145.4159,576.5477
94.11125,98.794266,120.16554,133.96687
0.0,372.11435,13.462201,403.34103
0.0,517.4275,13.988195,547.8872
125.103806,633.1665,147.51985,639.92676
