24.813889,491.3523,47.07164,521.18445
122.28378,557.99774,145.78561,589.49115
50.837563,252.21939,76.74574,286.76566
80.50751,361.58234,103.78572,393.07452
50.553658,385.1176,73.375305,416.88214
19.529186,382.5738,46.48937,415.36835
20.867668,271.253,44.322655,306.35358
88.59941,588.4268,114.14253,621.878
30.808502,18.900951,57.57969,55.39242
119.91672,32.52288,148.07736,77.25568
55.82222,591.20825,79.66087,623.4678
54.220047,120.367226,80.07587,155.25961
116.76459,174.18001,140.43121,211.46498
0.0,460.45004,10.9477825,489.5294
83.9653,111.750595,108.78262,146.5714
