117.38133,507.98285,141.6556,539.86383
117.01075,171.64862,140.3313,205.39783
81.18318,377.19043,106.67612,411.32416
83.45053,477.95502,107.14389,510.51056
0.0,161.23169,16.4122,210.2091
19.507118,310.6208,43.284386,341.64893
91.67087,609.6272,117.875305,639.89087
47.557343,381.1729,71.490685,415.8083
109.44714,425.35382,136.41669,458.97406
23.97863,485.74536,46.912056,519.71606
28.384277,558.54474,53.368538,590.54974
82.43387,269.828,105.252014,300.46948
113.43829,265.7814,136.91711,298.30032
52.06346,289.1576,74.928,321.44067
0.0,88.541916,18.777946,124.880646
0.0,546.70337,15.90789,577.4209
30.062933,614.46985,55.604683,639.8319
22.058004,237.56497,46.859383,269.94983
128.85913,11.007332,153.90436,44.269547
59.724354,591.1605,83.06392,622.944
52.40368,126.74661,78.38801,161.09036
118.510284,92.16753,146.91714,131.75558
88.57547,42.018143,114.23953,79.26033
59.498997,26.764566,84.892914,63.18792
86.5542,113.65416,112.64966,148.70848
