19.358055,355.43185,41.914295,382.8209
24.332241,512.2407,47.67149,543.4619
115.01169,473.7102,138.36136,508.11426
111.60144,26.866638,151.0386,84.66861
1.2742252,618.56726,24.51312,639.9459
48.222176,298.14606,71.98278,331.63812
83.96184,549.81384,113.86171,590.0824
83.170166,190.91988,106.47266,223.1505
0.133605,490.46783,15.006641,520.04724
111.74664,282.38202,137.17815,317.70795
114.86867,145.96262,141.67332,186.69763
79.083015,277.56335,105.08596,314.65692
61.23443,0.0,88.39663,26.315273
32.65239,15.836693,56.637283,50.684074
90.85831,15.326382,117.81215,54.066044
