115.760666,508.0183,142.24644,542.4459
114.19507,331.4808,136.44028,367.85782
50.425217,262.5979,72.50679,296.12415
26.735527,571.95245,49.33416,602.40106
84.99243,537.58435,111.23013,571.64343
81.76875,436.23846,105.868835,468.19995
17.794521,337.13763,44.541164,373.48102
48.486,371.84503,71.80132,403.59088
82.49823,276.88623,105.71771,309.95764
56.51855,567.6409,81.07858,602.148
85.729355,89.474396,110.462204,128.07727
22.33853,212.07416,47.61664,247.94391
110.399536,195.57715,136.84177,230.8931
27.89025,29.129028,54.880257,68.50588
55.878834,112.64502,80.76439,148.53036
0.0,188.10303,12.195934,224.38245
