116.81105,550.3496,140.96504,582.7102
0.151865,82.76535,22.103977,116.27121
49.47084,363.88354,72.01518,397.97595
19.68,282.19928,41.409668,311.8322
56.441925,523.19446,78.801926,551.30725
48.380745,210.34769,71.97943,244.88235
20.839905,425.1262,43.192818,456.14346
90.82367,624.2272,115.96942,640.0
109.00339,316.86652,132.22781,352.8499
0.21871948,612.4862,26.01883,639.9852
115.298096,222.43695,138.02875,254.84991
83.60086,327.6184,105.94861,358.51776
83.013535,190.371,106.90129,222.17252
25.399887,131.34329,48.026108,165.05746
22.322273,187.54239,45.928238,217.48065
57.72551,73.2549,80.94252,106.76636
88.60805,12.357784,117.03987,51.43058
81.842155,138.87637,106.241035,171.16342
32.11376,0.037353516,56.91883,32.15625
0.0,0.16241455,19.760334,17.332577
25.838486,52.99518,49.17907,87.88872
25.990347,615.0334,55.68165,639.6899
126.50841,34.509598,149.93059,72.02254
0.0,156.78583,11.67732,192.22656
112.00078,149.4101,135.49297,184.75317
125.71565,0.15782738,152.10072,30.649492
