48.656094,0.16046143,83.395996,50.051094
56.960457,273.8214,82.12342,309.17676
22.75234,473.41376,45.46871,505.7995
0.24809551,482.25513,15.265029,521.1363
80.77165,347.04663,103.81761,379.99585
14.536168,356.2963,39.740208,390.3953
108.293564,335.92468,136.74886,373.70093
12.309807,127.29642,53.165367,194.94516
26.78228,545.11,50.251694,575.052
90.95685,571.3166,114.97714,604.93085
115.96242,176.5713,140.88216,212.14381
77.1066,414.15057,103.42084,447.55145
52.38965,185.48804,79.038666,222.76788
53.19242,502.3457,76.67672,534.2627
88.9747,119.32352,111.5182,156.77515
90.00845,23.040956,116.75925,57.37166
112.19136,431.01746,135.64168,463.9626
53.914673,578.1824,79.84975,610.9629
42.92025,402.10327,71.31819,440.75708
123.47348,46.349026,147.69992,83.345795
