107.09357,220.71555,139.9418,267.01538
80.472046,386.09402,105.57919,420.13528
112.096725,433.19812,137.74043,468.56323
51.584114,198.94604,74.95368,232.50586
85.80957,476.7118,108.21713,508.92664
0.0,502.98492,18.65312,536.0444
56.137657,75.21019,82.6256,112.06795
22.677763,450.10883,45.715897,478.24127
0.0,123.41301,17.840115,158.57191
92.73312,14.042847,120.05884,53.78907
2.870576,1.6035843,32.85263,42.996887
38.229202,518.3572,62.826492,548.0376
120.45522,599.4315,144.00723,633.95935
24.01324,94.17532,50.721607,134.21689
0.0,230.51578,13.475223,274.5814
9.580048,588.0276,35.673958,622.0564
61.65948,585.00195,87.0755,639.58264
