18.186508,273.30066,41.08103,306.05322
74.07333,245.72891,104.23874,289.35544
91.65524,601.7042,116.244934,633.3522
112.39612,469.77936,140.2791,508.5771
83.63692,505.50623,109.76805,537.8541
0.08057785,565.47095,22.969646,597.7644
52.607807,179.03236,76.93071,213.99916
47.48909,423.85535,74.65179,465.48877
21.025965,447.27188,44.17208,477.50626
25.482937,101.908646,50.40794,142.30205
59.601326,578.6157,83.692986,607.8241
90.16817,50.968323,116.00078,93.181274
121.573494,57.80516,145.43896,95.0703
58.891716,57.013203,83.03904,90.685196
0.0,154.17352,14.507836,202.07855
0.0,383.13757,10.109726,414.9237
