0.3659668,43.404587,26.287964,84.87581
113.4747,327.6405,136.1286,362.76367
80.46527,373.2176,102.91229,403.95
50.228394,496.24188,77.703125,537.1204
51.275322,158.67021,75.182686,195.7564
117.05995,466.16962,141.04735,498.8039
83.507095,139.51584,108.33739,175.163
87.11183,487.2802,109.48988,518.0442
20.14205,285.7912,45.99897,320.9865
43.327347,348.05927,71.227005,385.0462
24.852142,524.6853,50.138855,557.6221
29.790604,64.18143,55.627792,97.15546
90.987915,0.0,118.81683,37.666924
0.21341133,515.36597,15.763947,544.5867
62.66789,0.0,87.323044,17.32518
120.99844,16.151382,146.6865,53.610985
0.0,230.1788,13.432001,262.3464
0.0,333.20074,10.743193,367.40887
