80.60362,445.8687,107.51332,479.58655
0.0664444,67.0067,20.894754,106.2133
108.9339,276.7907,136.03918,311.62592
84.87451,549.52136,111.03117,584.5287
22.283554,489.64374,47.467697,522.9148
124.364105,4.9380455,152.68478,44.261593
59.16687,625.26526,82.30986,639.96716
46.33564,508.81537,78.70602,548.0418
123.21948,618.0652,145.6702,639.8523
27.573523,31.16333,53.87551,68.47698
56.7809,0.0,90.27826,26.134274
57.42883,107.64064,81.49359,143.28151
88.17618,138.97739,111.565414,170.23172
0.0,242.9909,12.336428,276.06128
0.0,522.5657,13.2057705,554.6643
48.249542,227.51959,75.7656,271.9395
0.0,409.03757,11.114321,439.06967
19.370024,227.68427,75.7946,274.93805
20.621805,235.77032,48.971397,276.61456
118.52939,128.74783,143.48782,166.16928
