0.0,81.257675,19.254553,117.3439
129.36777,4.2891197,154.5505,36.7813
80.92438,371.20142,105.74481,403.69165
110.08078,418.9513,136.72635,452.0879
117.00365,501.4891,141.8979,533.0226
83.01973,471.78143,106.50745,504.60474
90.79936,601.8236,119.00487,639.64685
0.12560844,151.62425,15.906315,203.66853
19.93721,303.64252,43.277477,334.5633
51.79805,283.56332,75.69295,316.11264
21.944704,232.7013,45.83937,263.2546
52.403316,118.65912,79.61542,154.29868
113.05983,259.24783,137.49168,291.81223
22.584633,480.19513,46.374992,514.49176
118.754875,85.2751,146.58209,125.312256
28.583256,607.9103,55.168087,639.68713
82.32672,262.86432,105.12912,293.70215
116.77823,166.03096,140.53326,199.58202
27.706333,553.065,52.737156,584.96063
47.46591,376.75067,71.70716,408.64154
0.0,540.14215,14.624697,569.94806
59.57187,586.8484,82.40996,617.43945
86.614746,107.82922,112.149414,142.02551
87.53571,34.093887,115.82702,72.36296
60.122086,19.505085,86.40564,55.91952
