52.31095,443.35217,74.9457,472.55078
114.768524,484.57367,138.25296,517.5353
19.537132,360.396,42.763916,392.0304
49.282692,278.16696,72.1887,311.4846
86.607544,548.0525,111.51779,582.0652
109.49814,277.40012,134.1056,313.6116
115.289825,199.12253,139.17679,230.83884
83.618835,259.44836,106.16821,291.50317
0.035194397,538.5956,19.511635,595.5482
126.36198,23.983517,151.91391,59.096287
20.96711,230.86823,43.728714,261.02545
24.539871,544.5181,50.575714,578.92
122.31955,71.44711,145.5828,107.57529
1.9624901,30.854248,29.365578,64.88262
0.15819836,106.029526,14.354248,142.657
86.64958,75.10035,111.08453,108.296364
24.805588,145.67114,50.343895,176.55484
59.796436,0.0010910034,86.217636,27.78598
