27.595114,45.193222,55.736107,91.096115
59.878014,0.0,84.77279,19.334135
19.047913,377.81256,46.051796,416.91376
77.29721,430.0719,105.13144,468.06824
115.986084,480.8688,138.93848,511.23447
119.1229,66.269485,143.07864,102.528656
15.6321335,305.60086,40.333447,338.12405
119.20399,161.55199,142.76398,192.47871
39.613464,579.9353,66.132996,612.97437
74.52403,321.73392,103.297134,363.84415
83.62532,173.60031,108.08507,208.08536
50.45231,316.68576,73.59165,348.31735
27.614182,521.30566,51.64335,552.6216
51.031754,192.43588,74.87224,225.54321
20.230381,188.61642,46.494854,227.14615
0.063949585,469.81384,18.180756,520.79913
