28.214014,601.9499,52.55581,636.314
48.41387,400.98755,72.47987,432.06897
112.7962,174.59033,140.24786,217.41907
50.03443,474.59686,75.72486,506.69122
112.0598,408.53854,138.03867,441.83072
84.113045,542.0295,108.53295,576.5013
20.309753,305.91663,44.951843,334.40454
0.12107468,542.2175,15.799627,571.3955
0.13334274,105.00548,17.780886,139.61055
115.87645,331.47406,138.1555,364.27826
50.209663,257.76337,74.12722,291.61627
49.451874,328.76212,72.65555,360.3519
80.24077,389.10168,106.50752,421.38513
25.525711,131.83826,50.244545,166.15118
122.84962,3.8321228,148.30756,42.57512
24.226686,515.86096,48.591446,545.60266
87.22699,142.12468,111.40173,176.35454
122.576096,626.5159,147.07884,639.88116
18.858387,251.83994,42.602722,284.20364
78.89799,247.20398,103.88398,280.3485
57.685272,69.234604,82.89966,106.53563
23.871614,186.37253,48.069717,220.57242
108.08409,281.47406,136.13618,318.18964
20.21827,429.92505,42.709396,459.73035
90.63281,8.691044,117.03378,45.003853
