21.75642,275.18304,46.52331,308.46906
115.45145,184.7619,139.22939,217.81696
113.332855,273.18707,137.17836,307.31396
46.566605,419.16547,72.4693,449.82928
51.71553,525.657,75.53446,559.3091
119.69843,77.180885,144.60858,115.323784
75.91151,392.53308,104.584785,430.02783
117.24306,507.60147,142.95912,540.60876
0.0,154.8793,18.990635,187.50949
114.18529,347.0431,138.3497,380.04626
82.42128,487.2569,106.47078,520.89105
52.38434,286.18518,76.41716,322.61102
83.07564,245.06006,107.12465,277.29767
24.00696,484.0207,46.38678,515.97894
126.60593,0.0,148.58102,11.6562195
28.344667,18.92424,57.766296,59.595375
19.485096,402.7343,41.657696,433.35236
0.045051575,587.0851,21.608147,617.19934
85.69164,96.80763,113.73432,134.05685
26.499474,145.34076,50.510002,180.51111
59.324043,589.8385,83.038475,623.33655
58.380936,120.729965,83.40735,157.3283
85.9516,576.2029,113.30965,608.2456
48.392784,189.42928,74.92635,231.0034
19.453047,608.6717,54.516647,640.0
0.0,345.66208,10.960007,380.50333
