0.0,522.1263,19.207975,553.0247
47.10566,358.2696,71.80048,388.29657
28.306892,63.662033,54.09269,98.1116
113.983376,140.64212,142.09744,181.78787
0.079081535,184.99562,14.085993,219.18538
108.72766,317.93817,136.15555,357.6231
17.698757,344.23474,41.63796,373.54657
119.75,0.7060318,145.53995,37.50797
80.98622,414.42456,104.034225,447.17773
53.092705,100.78041,80.62847,142.66249
81.35365,294.32492,104.03856,328.22018
93.15187,604.7838,116.676956,636.6251
23.799278,532.7014,51.18537,570.6582
122.49841,568.63135,146.44928,602.76855
55.309334,516.06604,78.50976,546.0968
52.296165,436.68768,75.88444,469.22882
60.02232,593.1892,83.775406,623.1987
0.0,401.81998,10.86274,432.07712
