82.36023,230.47339,105.54907,267.19556
19.682384,341.5088,43.368923,373.0097
0.14325905,390.95532,22.227299,420.23108
91.23616,613.50793,117.36305,640.0
0.065654755,77.466484,20.186352,114.138054
29.792732,595.52057,54.176834,627.0518
19.650377,176.1903,48.42415,215.94452
84.41608,435.3072,108.57477,470.7625
116.77368,153.47607,141.31995,189.68048
125.48337,18.05848,151.19379,56.05198
50.27369,437.64725,74.06735,469.33267
33.298546,0.0,58.307663,16.011461
105.593094,340.42993,130.01622,375.6859
88.081566,521.32935,113.40037,553.38794
2.6783428,626.4629,26.590635,639.8943
51.349632,351.17212,75.62368,385.1455
56.17662,99.09448,80.56064,134.79807
19.191868,440.97775,44.167553,474.23776
0.06663418,217.02505,14.018369,269.10324
