22.852356,501.4648,45.558258,534.6206
108.84386,347.25818,135.30142,381.93774
17.455223,350.38672,40.241447,380.6488
51.128395,445.5407,73.27681,475.64044
50.777092,315.80756,75.90455,347.4931
86.95999,489.4171,109.463104,521.3428
32.45089,0.045028687,56.43792,18.563923
0.18070984,40.115135,24.821589,80.51682
0.0,485.91797,15.865608,522.3906
119.88789,576.2328,143.57002,608.1614
18.841629,178.98213,44.33822,208.98457
0.0,187.29053,15.510426,225.104
51.288918,168.9974,75.077545,205.54373
54.240067,88.90016,82.05194,126.84685
119.094986,183.08752,141.7903,216.20746
0.10927582,596.08105,20.782276,628.32764
86.716736,91.67612,111.324005,128.92084
76.33977,162.5008,106.19318,198.68744
