81.089195,393.13538,103.675804,428.17017
55.053497,547.82715,78.71054,580.04834
121.74838,50.705414,146.01193,92.08591
0.0,106.89111,19.32731,142.3295
88.87032,565.5674,112.71145,597.42163
21.558777,433.1236,43.96617,462.1225
22.48089,187.48178,48.522545,226.81674
48.316124,408.01306,72.84937,438.38226
111.410934,319.56256,134.79695,355.8282
0.061792374,622.1249,23.277685,639.76184
30.071314,76.44818,52.948692,113.91615
0.0,361.88724,13.326121,398.9631
53.23916,134.33096,78.88955,170.31332
32.959656,628.931,54.267166,639.9347
124.21406,633.15137,146.88623,639.9386
