0.8286514,585.33203,23.33947,614.7782
34.12162,623.27997,57.424812,639.92926
0.10189438,437.05396,16.877151,469.00806
80.277145,403.54474,106.2784,441.27905
12.839446,341.3095,37.1484,372.9704
51.294144,390.6095,74.94963,421.95068
84.71231,537.4431,109.27965,568.52124
116.53446,491.71027,142.28647,524.32404
30.924143,564.6959,54.372963,595.00964
107.804855,322.42487,136.20943,359.31793
23.693832,444.1185,46.177773,471.08444
115.155685,236.91852,140.69263,269.2303
82.024055,464.75098,107.33878,498.92493
127.84348,0.0,153.99753,16.19196
122.14671,572.15393,145.97337,602.00696
52.661552,508.88858,78.079185,543.28894
83.12048,253.2142,106.63284,285.5687
20.186195,204.96541,44.406616,240.52327
51.05213,265.04132,75.71244,298.38776
52.3868,148.57419,78.77553,185.11978
0.0,274.08978,12.453226,306.16412
30.98002,0.035672188,56.496376,9.741042
24.48883,144.58994,50.157883,178.09073
28.312115,64.771194,51.330402,96.31726
84.97014,90.36557,111.36699,128.76465
0.15322304,82.311874,15.293877,114.38512
57.758305,84.49405,83.25729,119.61673
