83.248695,393.09314,121.428535,444.60352
58.922432,544.5163,81.50445,572.9576
108.5155,214.37949,131.461,250.79147
26.083443,529.1709,49.811737,559.91174
13.972157,364.72687,43.43791,408.19348
20.162182,191.77248,46.20602,233.14845
116.988495,558.7461,141.72516,592.25024
51.141777,454.8615,74.56569,491.51825
82.599594,140.7795,108.55977,178.73787
41.694443,101.95358,77.20789,150.95642
87.32353,545.55206,110.04271,574.38153
26.961647,48.725807,52.759354,87.84023
88.42502,27.817024,113.07933,64.48459
0.032634735,146.20909,16.12305,206.97093
0.0,428.99954,10.534542,459.77975
