82.21091,170.93689,109.91528,212.3078
0.27808094,485.7716,15.297695,518.7744
52.134495,196.39664,78.12268,231.66727
54.46279,499.25876,79.19491,532.3906
115.90683,283.97253,139.28333,317.39246
48.873222,344.69733,72.33263,379.878
110.69559,347.04126,137.1653,379.4151
82.19906,376.61798,105.446236,408.127
21.682487,459.6062,44.79772,488.00452
116.389755,447.42767,140.95033,483.27484
26.577328,559.8148,48.72919,588.10095
83.125946,473.73325,107.44183,504.08334
0.04849243,385.93323,17.699936,421.40283
17.930183,384.78265,43.95225,427.4687
44.356316,275.33426,71.88404,316.13583
91.28461,53.16242,114.88278,85.594574
56.179337,558.28845,80.026566,588.38367
82.12929,311.29016,106.04103,344.29224
0.9180336,385.25595,43.936466,427.6862
51.408363,392.8817,74.66689,421.73584
121.05223,12.430355,149.39311,53.662685
117.548386,186.88101,141.62563,221.40955
19.419334,281.20767,42.832947,313.88492
57.50587,53.253296,81.81203,86.63942
84.72988,551.39795,111.07844,582.65186
