81.38017,490.92175,106.21593,521.7796
111.939926,155.96182,135.5772,189.86316
48.259163,247.27972,71.841194,282.8059
57.1353,593.0239,80.92465,624.0062
32.214943,0.0,59.75184,16.669659
21.11026,134.27722,47.101723,171.12125
109.049805,463.1742,137.85724,501.4654
15.261483,318.64468,39.736412,354.69974
111.19095,385.82172,136.14084,420.41412
80.25713,380.1944,105.84159,414.0406
82.20054,197.55022,104.352776,231.1061
118.97866,596.8152,143.59769,628.90125
51.531975,173.10489,75.22844,208.49026
51.77204,518.0271,77.226585,549.9386
89.851425,609.66516,113.71434,639.7875
27.848652,548.07434,52.352108,581.07214
44.312134,410.70096,70.9949,444.63278
89.46466,53.070778,112.60141,88.562874
