80.95347,283.68323,103.67092,314.28943
114.469696,252.06146,138.8283,283.81427
49.15136,436.17242,72.361626,466.16364
18.178661,398.3399,43.008736,430.49518
87.791595,70.502304,113.1405,109.08107
19.241285,219.47778,46.486923,256.7232
84.59004,506.67523,112.109085,542.0662
75.46814,376.92926,99.60806,409.20563
112.71991,315.7756,136.82716,352.49374
27.050886,518.1859,49.967957,547.08777
27.532684,604.13293,55.70755,636.5553
116.53929,586.9827,142.73897,620.31586
0.0,505.20575,15.813104,532.37445
27.659409,44.75805,53.136444,78.88791
0.028682709,566.6455,17.825436,595.61414
54.967094,94.9147,79.84232,132.15079
48.61772,517.2057,79.55533,556.54456
124.631805,62.886852,148.11288,95.31734
0.010416031,179.41968,14.276308,229.35178
