76.48866,320.026,102.55919,353.97528
0.31802368,0.0,24.858036,25.788359
0.10556793,507.49805,17.983639,535.2693
84.21028,472.62225,108.79631,504.60248
116.398254,625.0178,145.34174,639.93115
24.314377,501.39734,46.890984,533.0781
89.768936,121.9052,118.622284,158.38643
50.873573,248.18576,75.79063,284.03873
110.874146,253.00803,137.06706,288.05698
53.916573,123.579155,79.61268,160.41321
50.19246,423.33044,74.388596,454.6587
0.08790016,112.90155,17.519447,145.48663
1.7958641,358.06274,44.85499,433.70374
83.44203,230.84534,107.845795,267.12695
20.497742,167.43628,44.156197,201.41968
31.198494,0.036102295,58.94783,28.31528
51.31153,618.1582,86.5527,639.9109
77.41458,27.845413,109.40756,66.02343
9.669586,402.60376,45.566948,452.47375
2.8246613,339.4895,40.50921,370.23853
