76.21538,359.14758,106.93338,395.83264
0.18409729,42.4171,23.120022,82.03945
45.17476,324.22302,73.34928,359.3742
82.928314,272.59808,105.45593,303.91833
0.23377228,605.59814,26.480747,639.6321
56.895176,37.83766,83.70004,98.12775
45.965034,440.8103,74.05918,480.19568
92.99576,3.1759262,119.00934,42.321243
58.209404,563.19885,79.90893,592.0552
118.574196,123.67191,144.26852,159.8707
112.83896,234.09149,139.25134,270.13525
115.38385,374.385,138.24588,406.36682
120.430565,43.443733,144.06161,80.16835
118.40733,526.5919,143.62318,558.6051
25.89627,574.1317,53.83841,614.59485
0.033589363,486.11023,15.403306,516.9011
22.256042,465.28967,47.024956,494.41516
118.33223,458.07977,142.68703,490.65424
0.0,202.80368,14.478959,237.80261
83.17727,168.01712,107.53306,202.94547
88.148895,555.4641,112.13165,586.65015
52.887733,515.36584,77.38163,548.65894
52.37702,153.58832,79.44009,192.23053
86.6705,485.66876,109.77191,517.8183
48.450882,235.00385,73.565704,266.70898
2.2999535,358.15613,45.48409,397.3783
