79.145966,229.8747,107.4512,270.8701
90.223724,5.0278015,116.77063,45.302246
113.35875,147.25186,142.26161,191.46951
114.65387,279.79865,138.28737,311.9218
116.45203,480.451,142.43195,514.0421
17.194351,395.31033,40.921375,426.23734
123.473785,619.5099,149.1359,639.89795
90.37956,557.14087,114.935074,591.9116
62.75405,613.97076,85.89808,639.7758
82.952774,464.5547,108.06276,496.02454
18.875175,451.3523,45.448845,485.0027
112.83865,337.0738,138.37114,370.19513
49.887024,294.77533,74.39339,328.39337
79.31981,308.61557,104.758835,343.84763
29.76652,604.5206,54.531578,634.7189
16.041542,318.63422,41.016327,352.7099
25.16264,495.4251,47.54865,525.48627
111.73537,390.60077,135.61195,422.2428
0.2873001,569.61206,22.327435,597.74854
21.193855,218.64764,45.564537,256.4394
116.58899,530.2136,142.47263,564.5232
81.47984,361.9815,105.266556,397.5893
115.98547,431.80505,138.43515,459.5188
83.47372,126.56121,108.5033,164.36713
0.13486195,153.15546,15.362026,192.49649
49.483376,399.0584,74.39793,432.80438
50.441666,194.79291,74.91403,227.55798
59.32292,70.717636,84.16618,111.88289
0.0,466.42703,12.672801,503.77426
58.92566,0.7348671,87.2224,39.58655
83.30425,507.53702,109.48751,540.90735
25.485344,71.577225,49.080917,108.53198
58.794,578.9739,80.8915,606.81995
24.368176,120.93077,48.460743,155.27211
20.871094,182.16061,45.30754,215.85434
29.49646,0.0,56.52794,16.287167
0.17080402,538.2146,14.330826,567.76855
58.57463,543.19104,81.3889,570.59143
