113.96962,437.32925,139.83038,470.03482
49.89382,339.50372,72.87491,369.78107
17.441914,267.39746,43.70228,309.27795
111.038055,361.4761,137.76222,402.6569
14.225971,385.02692,37.896164,419.2625
89.62874,600.62134,114.21182,632.5178
47.486885,395.8247,71.02302,428.0896
0.08513641,480.45538,15.576564,513.92645
79.55405,438.87897,106.01288,469.70062
26.835756,562.7999,48.878677,592.5624
16.105057,207.05722,43.50185,245.39731
112.72925,234.20114,138.08096,266.8553
51.673508,189.68864,76.12332,226.47057
79.88229,280.1159,103.842255,309.64948
55.073944,92.29678,112.46086,139.29092
59.976513,0.0,85.997665,17.844765
28.865673,20.080303,59.82825,60.876072
0.0,28.10347,20.787674,67.51514
94.84625,0.0,116.86786,9.749357
80.62654,92.1642,111.541245,148.40779
119.72632,631.70544,143.75037,639.85974
