84.69043,514.2634,109.740295,547.34937
113.70947,464.20367,136.68376,495.32184
80.75139,184.71744,104.168365,220.42093
31.347147,571.8239,56.394325,604.36273
120.6397,528.55023,143.52966,559.94574
47.855003,337.60233,72.44344,370.68546
116.10988,162.73016,141.73833,199.42456
20.161407,427.28412,47.569275,460.4781
76.606,383.5882,101.15343,416.12836
50.40384,439.97797,74.62094,472.49188
113.1328,335.96625,137.99611,369.12012
46.28311,251.82587,70.51547,286.49213
0.175663,31.911741,22.576237,70.950714
124.09718,9.713028,149.99242,47.764767
26.803535,68.75768,50.341324,103.271
74.66579,304.15277,100.926315,339.33057
65.254105,604.1163,88.88753,634.5827
0.08979702,360.3239,15.326925,391.9439
90.02988,590.2847,114.358734,622.42377
22.963308,176.69284,46.994667,210.37192
0.15272427,107.65332,15.307896,143.92517
6.6282616,342.9781,42.660366,386.70636
0.0,292.0719,13.758973,323.5525
54.753204,99.36983,81.96536,132.52351
84.14563,75.97217,115.029785,115.70351
