0.0,503.3764,19.406887,534.89606
18.02386,225.13461,42.982296,265.5659
20.756124,435.79758,44.161797,465.71646
111.70787,435.0126,137.89792,469.3057
112.66615,326.32877,136.18126,362.10275
30.420935,558.931,52.795082,585.2656
51.968376,278.362,74.52349,310.49078
115.39424,172.52177,139.48526,209.75279
76.838,376.30585,101.76262,407.14142
0.2837715,109.51745,22.443497,146.62256
90.578995,33.857925,114.76378,66.989685
52.06594,475.86,76.563515,505.35443
83.80359,148.05411,108.42143,182.26242
124.905594,41.931602,148.94191,77.53047
61.46633,596.5459,86.34486,629.3174
2.9024944,627.833,25.700039,639.92285
124.06665,616.2755,154.67795,639.8854
0.21247292,46.130913,21.144241,83.16883
28.48806,28.745445,55.285835,69.04742
52.875145,101.137405,79.05857,139.15741
77.45331,376.5179,111.14734,407.803
