83.732315,465.3094,106.39577,496.05334
18.07492,374.29974,40.862366,407.4344
19.02945,328.30243,42.58914,359.03833
29.849072,587.0867,53.449177,619.95996
0.013431549,547.3518,20.522398,578.02637
0.0,147.05185,16.074095,181.58713
115.39923,470.91406,140.59592,503.81116
113.01193,359.7276,135.8258,389.82916
49.071877,431.8672,72.035805,464.1441
28.18487,26.213287,54.00907,65.04367
0.27814674,59.440758,24.419636,95.25556
115.79603,149.97415,140.98627,188.96585
50.517593,283.63074,74.140785,316.04822
94.45462,15.773514,122.823944,53.682945
121.29332,603.3235,146.03691,636.7344
59.670326,558.0094,81.94051,585.88684
90.10678,556.17395,113.95334,585.58325
26.231636,134.82199,48.53479,168.03555
18.854683,226.50244,45.79767,262.64444
0.12674904,595.5006,20.083782,634.8141
75.59639,237.5244,106.79399,286.64624
54.994125,202.17627,77.120026,231.67383
0.0,291.77502,11.670011,325.67615
84.50745,119.1624,109.67767,155.1863
59.881775,134.59833,82.86076,166.36218
0.0,435.7749,12.366267,467.50586
