115.0513,452.4884,138.87936,484.99634
83.79932,403.4652,105.99844,433.9463
18.803959,296.9782,41.535435,328.96368
58.50789,555.5747,82.75961,586.33264
49.33436,348.1084,72.046165,381.43884
92.08746,608.88055,115.80975,639.1961
128.75146,0.28038788,155.0343,31.145144
23.620539,547.7724,46.950294,575.4362
86.478455,521.60034,111.345764,551.3762
0.0,492.97827,13.491148,524.9343
60.41755,618.70154,84.72335,639.89905
120.70246,575.71545,143.27466,607.3224
51.138153,437.5625,77.34683,470.8816
28.08919,603.70856,51.690353,634.89825
105.97748,350.01398,137.14102,393.7757
46.149292,294.4707,71.32941,328.2702
122.22552,90.57068,148.17279,127.1745
117.859566,182.00479,143.16412,219.58044
22.954956,212.11157,46.76046,242.52448
0.25587654,595.8989,23.723852,627.1063
0.09010124,78.736015,23.443743,119.29876
76.67058,304.58728,104.39653,338.61255
91.61604,53.642876,115.22328,88.18688
53.194763,205.09589,76.184906,236.86667
84.374176,241.6411,109.03177,273.25305
23.172655,128.0538,50.90793,174.80661
54.60739,67.02835,82.86638,111.483
29.024277,12.615513,55.603584,51.06596
55.590134,140.2277,79.380325,177.41896
