18.729603,321.90112,43.175365,355.6234
51.589783,525.5378,74.91117,556.7181
22.165245,429.8847,44.525864,460.8228
49.276924,316.7444,72.184975,350.1123
81.33026,292.28287,103.441284,325.4122
120.592865,496.93756,142.80289,528.04974
85.82826,527.7656,110.17116,560.5625
22.677322,205.00078,46.701393,241.5262
57.18416,49.710434,83.00383,86.501526
119.42702,97.1349,143.77034,134.22484
52.39412,180.28012,78.24866,216.59152
89.45252,20.352318,114.14359,56.613396
88.560234,631.2534,115.18836,639.91113
0.0,7.0008316,22.032883,109.802605
