18.95441,294.95526,43.66833,329.0274
86.170296,604.17175,114.56728,640.0
49.86725,497.00153,73.021286,528.14716
81.79723,262.54333,104.33248,296.07678
119.10676,468.86035,142.0368,499.75867
20.420069,404.09045,43.86538,434.89502
49.758278,287.67078,71.99454,320.4588
121.099915,64.936905,145.13474,101.47461
84.794815,502.19803,109.322586,535.1135
120.572235,615.1598,142.9162,639.75464
54.096245,149.71329,80.1262,186.76926
22.491423,176.76193,48.503128,212.99582
0.0,0.9158478,25.617859,71.84219
60.261414,19.332088,86.17853,55.02062
90.829575,0.009410858,114.43254,19.393227
0.0,132.50572,14.665423,174.18932
