0.0,528.6926,16.671625,559.29016
18.636158,328.11383,42.751266,358.29083
14.906348,266.88483,40.949356,300.22052
88.72592,46.788933,113.30356,87.38984
25.500584,494.17676,48.091373,524.9498
111.224335,218.63306,136.01505,253.73651
110.86066,472.3247,138.54704,510.90637
25.850971,67.7439,50.107548,103.69498
29.916239,0.0,54.099678,20.992352
50.66433,327.18762,74.6439,361.27856
0.19778061,627.57117,23.862598,639.95447
79.752304,372.1544,103.989334,406.16293
56.67205,590.72546,81.69872,624.16077
24.85081,413.19525,47.297676,445.87665
0.09584808,86.293655,16.339525,124.10243
21.479902,198.49185,45.7498,234.0358
78.11455,278.76874,104.389114,314.63525
86.08444,491.41516,109.671555,520.6748
51.84112,499.83145,76.40213,531.3041
117.8103,605.50336,149.24707,640.0
21.091866,115.63603,48.27677,155.26503
116.37366,128.25325,140.8667,166.44856
51.996124,240.78708,74.00725,270.7836
55.383698,140.4219,81.14409,178.54642
43.68857,403.0431,72.193054,439.2309
25.385506,412.6391,68.17879,446.31433
86.38223,612.3293,111.68268,639.6635
0.0,174.07297,12.864702,206.09946
125.47681,48.42623,148.33725,84.224266
