113.462265,410.32343,137.37547,444.1582
27.45073,76.25452,52.34664,111.019196
84.40239,545.1106,107.17973,575.34033
4.2699814,602.73804,31.282665,633.5242
60.48967,592.605,84.181564,621.9315
120.94887,76.13446,145.29066,111.976425
16.406433,243.20062,40.80829,276.36847
44.365616,368.08493,71.18635,409.89017
23.743282,482.9537,45.481167,511.8334
79.52023,264.7116,103.27957,298.40527
83.06978,449.31543,107.495285,484.9782
0.074064255,493.7387,15.665833,519.5285
21.394482,363.55072,44.678722,394.95337
87.13327,96.687744,111.73746,132.15067
0.0,386.0655,13.659465,422.77435
0.0,195.89362,12.034676,225.86768
