58.434868,601.7962,85.11439,634.7104
15.646854,342.69324,41.45376,379.31873
75.568634,251.19489,99.05072,283.82275
18.717762,236.31287,41.351276,267.0119
82.05551,504.38507,107.45834,537.17316
44.767784,406.5829,74.26473,446.4756
1.6922436,23.346611,26.000465,56.13095
49.52742,318.00983,72.673386,353.73956
112.40567,456.59943,136.60742,488.08765
88.672714,76.33202,111.40968,116.796135
120.30232,579.48035,148.44276,616.2953
112.322556,233.73608,136.36906,265.59607
27.91513,54.243233,53.557228,93.49329
81.373566,385.4418,103.80791,416.27902
23.609047,455.51306,47.091164,487.2058
113.31381,326.5785,138.23505,357.79663
27.835186,573.41345,51.980198,604.2075
0.0,155.12616,12.598311,190.15042
