79.9862,355.07874,103.34254,386.495
45.32778,444.24487,75.19609,483.7157
18.894615,275.42853,42.547604,305.34113
78.04489,480.6739,105.86276,516.712
0.2698288,0.0,23.824726,25.417421
116.29192,190.94946,140.69244,228.5968
118.388336,558.349,143.81696,591.06995
50.46167,226.25638,77.16592,260.14212
24.613306,416.43774,46.473763,446.45258
57.10051,131.78029,82.28085,166.27141
28.089088,616.06177,52.870018,639.85913
0.0,421.31543,13.978001,452.42096
0.0,325.40137,13.663526,363.79968
59.693954,577.24927,83.45079,607.5134
0.08625507,142.58244,15.790838,180.08961
87.907104,177.19864,110.85417,209.27475
61.51211,8.515289,87.260315,44.256798
121.36281,0.0,146.5709,16.58595
93.88191,0.0,119.01604,17.470194
31.10897,0.0,53.23522,8.0382805
