63.725315,4.5998306,88.15509,41.044006
0.1504364,367.36517,15.473791,398.01813
51.887672,289.68088,74.39501,324.04562
108.41394,387.26123,137.08963,430.1045
16.073742,249.99963,44.528477,292.5558
0.22567558,0.06439972,23.208082,19.81908
79.37767,311.26086,106.85448,346.6698
26.834036,554.49475,50.383842,587.1367
0.0,123.57297,19.679707,157.69702
21.563477,441.49396,44.429916,471.40143
81.66417,410.8139,104.508804,439.81995
0.18703651,586.42084,21.77085,614.539
78.12479,217.90121,104.30432,251.74344
48.10067,384.46283,76.546265,423.25153
91.36019,594.5375,116.84493,626.9492
49.432556,501.3422,78.87796,540.4535
0.08043289,511.45398,13.775381,543.47327
88.13363,485.6515,110.44021,516.79364
59.435238,573.806,82.526764,605.00964
29.516037,606.8125,54.602127,638.9763
119.188736,511.6897,143.5447,542.97253
56.01201,82.76301,80.930145,116.680336
118.72472,133.8584,142.29402,169.14789
86.872345,128.69516,111.16263,160.48428
94.68868,0.0049591064,114.55999,8.972845
86.29796,535.82556,110.178635,568.9132
41.854744,122.6868,76.67293,180.12393
0.0,190.969,13.729739,230.56897
