123.09741,37.539032,150.33533,74.29142
20.93012,523.02246,49.310432,564.77466
51.311966,458.25455,73.423706,488.53806
0.16246796,619.83344,23.238453,639.764
111.861496,461.40924,140.0801,505.20282
52.122368,391.46558,75.07215,422.38208
19.977833,337.45804,42.888184,368.4244
0.08314896,393.90454,16.592388,427.92694
86.76761,555.44226,111.93619,590.74646
49.718803,217.50668,73.560486,254.24234
115.76918,104.87605,145.1432,148.63979
81.27876,255.71342,104.91591,288.0677
110.23627,251.3453,137.5166,287.11978
81.17743,446.3232,106.2997,483.056
51.861813,144.16862,77.504395,180.92711
24.546371,171.98215,48.470078,209.095
55.553726,19.471516,83.75543,59.36806
87.38281,68.37752,112.03888,106.081436
