14.905838,325.04282,42.494118,360.5076
113.998825,211.95624,140.45566,249.77014
81.99056,415.42065,105.79661,447.6631
60.68418,620.2471,83.93568,639.97095
1.9637108,27.84546,27.253498,63.76436
46.54399,384.47314,74.09247,424.0163
21.039825,454.1148,44.101532,486.1125
116.852905,534.6765,142.61047,569.49976
84.00587,320.7127,108.692635,352.3764
48.859715,0.100559235,85.9964,40.76179
87.280945,511.9134,109.89728,540.71466
123.91723,622.6408,146.8313,639.93304
122.86829,93.267075,145.5315,128.79391
89.42067,116.156845,112.83711,149.33034
0.009983063,121.26203,19.560366,153.98169
89.25226,596.53894,114.97632,629.0344
27.441065,524.34546,52.014397,554.6139
54.250694,157.50394,78.63589,192.47409
54.743347,526.5182,82.24568,563.4453
25.990417,103.05182,50.385788,137.92078
90.15831,0.0,121.06619,20.471962
0.009697914,232.94281,13.277336,266.73886
0.0,507.44934,12.483827,540.0571
0.0,406.3828,11.311819,439.03735
