113.21602,485.38947,140.91823,532.1567
23.036972,217.78433,48.77688,255.29117
111.26164,578.7174,143.8382,620.1942
53.150597,116.60144,77.3236,151.6257
18.570786,318.65472,41.294716,351.65607
84.107285,419.22644,107.388275,452.21387
89.52833,76.60884,115.72253,116.21275
122.04675,82.591805,146.66415,116.56701
51.713097,477.11896,76.50501,510.88507
0.112895966,122.45763,15.321878,161.12404
22.373535,498.5761,45.332954,531.6973
76.880875,264.62518,104.48552,299.84436
0.09989071,461.66608,14.961835,491.80536
49.091805,276.21704,74.33068,311.52173
60.08583,0.50250244,87.88025,40.381447
20.366573,390.5912,47.966557,423.28894
48.15484,394.1991,75.087654,431.69678
47.960438,0.0,88.0038,40.720177
0.0133628845,404.9608,11.553032,441.46524
