81.713425,463.90857,107.77269,499.78906
25.824886,554.90094,49.349674,588.2131
53.460068,154.12503,78.30081,190.82962
83.15477,203.98225,105.64635,233.96626
0.07546902,521.40393,15.544622,551.16956
118.39676,100.50905,143.42538,134.87727
59.078156,555.4102,82.10271,587.3669
94.440094,0.0,118.32132,15.173003
12.082673,355.89,36.21824,388.09558
120.58669,607.43353,150.92569,640.0
19.702286,291.40323,42.697536,322.11002
111.8062,413.4194,136.55191,448.55276
46.349197,348.36737,70.831375,383.01154
80.53241,310.45245,104.81464,344.78925
91.76744,616.8754,129.91978,639.8901
0.0,69.50009,22.45691,136.49374
0.0014123917,241.64018,15.23198,300.65717
