50.02353,329.18237,74.659454,360.9712
109.51662,376.08575,134.38892,411.15552
27.986694,573.52466,52.26425,606.40137
88.61078,608.96936,113.29103,639.4397
51.942192,411.41928,75.49346,445.57718
83.687836,162.39758,108.59418,198.40411
19.448343,298.10175,49.44483,339.12103
90.81178,51.34796,114.97591,88.74953
79.55998,364.2569,103.05626,397.7802
60.80667,1.457016,86.4019,39.675415
0.17651749,3.8432655,23.508278,47.078815
19.152615,422.85837,43.630054,452.62387
20.5187,168.97772,44.899208,202.50436
0.06388855,481.6864,14.23905,512.26355
32.429214,3.1160698,55.112473,36.01224
29.00138,88.65824,52.45446,119.78767
115.37843,167.2684,139.89014,203.12973
52.107056,170.02943,75.984634,206.86702
0.51659775,630.156,22.479511,639.9153
0.0,286.06055,10.247638,317.04504
