20.153925,124.71366,46.87272,160.65677
0.30198097,0.0,26.819242,28.783768
115.237595,375.89203,139.65736,407.7005
0.06728363,102.51352,19.349037,135.77597
73.60156,357.51358,101.364746,397.32632
113.299545,211.90335,137.37918,244.49301
43.753784,485.83173,81.530975,542.4018
86.29619,508.58896,110.840256,541.35144
20.798971,459.2861,46.077354,491.5817
5.790184,286.5918,47.977684,350.53174
83.90546,189.62756,109.18945,225.24261
0.1273117,614.09607,21.357872,640.0
44.072456,484.93646,77.747345,520.1468
0.0,413.74496,10.721754,446.5151
