17.172848,330.14874,42.1321,365.16003
83.44388,307.8343,108.29111,342.11523
104.91501,452.79144,138.99425,493.43463
51.74861,445.71042,75.58185,478.46445
20.918818,229.1315,44.086998,262.54733
51.464127,202.77411,78.61577,236.72559
47.775406,323.23523,73.30946,356.41064
0.5349846,25.16675,24.186508,60.752823
0.29455566,459.22644,19.131683,502.41418
124.12245,51.492695,150.22661,91.22124
0.0,243.73737,15.824181,279.35608
31.135036,48.774323,55.79269,83.5493
57.558903,90.465034,80.88208,126.89054
87.041336,126.91705,110.89198,160.57056
0.0,346.77655,13.250568,378.59857
5.252369,519.4332,52.08015,590.3541
0.0,133.75162,13.933942,170.8035
