120.11482,570.45874,146.35378,603.6404
0.0,521.49023,17.817373,551.50977
108.69705,240.16637,138.41183,280.81543
0.1337223,586.62427,21.52749,623.2156
19.592834,307.34888,43.09072,342.95642
1.9954033,0.12559128,47.912323,54.687244
118.37427,491.6703,140.55466,519.4751
121.60148,65.77469,144.87753,100.4003
26.382935,60.917065,52.449814,98.18019
25.39289,560.9802,50.1342,595.8075
19.623253,417.8061,44.20906,451.17694
121.45581,153.57507,145.68875,189.57068
87.370255,576.2085,113.41655,609.09985
22.819761,492.2672,47.8992,523.77893
114.68889,314.64725,138.72446,345.79153
113.12807,426.50983,137.64302,458.14264
21.950487,182.77652,46.74138,217.03555
29.584251,602.09973,52.91897,632.45337
61.42061,0.0,88.49846,24.607649
50.196266,144.9357,75.76698,181.32596
87.06002,18.554272,114.67017,53.228336
80.7908,459.39252,107.407135,491.69135
112.64308,371.09796,138.33507,404.3437
47.276047,260.87366,75.568436,299.31128
58.05947,542.50793,81.84705,572.41516
62.85022,620.9054,87.68068,639.97424
0.06110573,257.82013,11.159897,295.03455
19.452309,254.5212,42.4474,284.92352
76.88779,289.2035,105.69644,332.5597
79.63739,404.9881,105.33458,437.47467
81.41208,200.44592,105.577255,237.12805
87.08664,531.7943,111.23114,563.18567
52.66532,418.30048,76.347435,450.68896
0.10508156,162.32794,14.63277,206.14758
