108.21301,354.5549,131.76236,386.95956
0.0,507.84497,18.513544,538.7798
19.080181,293.10803,42.425632,323.9712
49.959793,367.7453,72.87866,398.27618
120.120445,571.75366,144.32846,605.0808
0.07230759,604.9977,18.893478,639.85046
57.82808,131.00064,82.162506,166.60733
49.22254,229.30682,74.49973,263.90732
55.88149,513.11646,81.79414,543.75635
84.693535,182.67154,110.14449,220.18948
91.38194,576.77606,114.57425,606.5347
84.43342,510.12286,109.7747,543.9366
23.764057,494.81158,47.01022,525.54315
116.52539,115.54549,143.75995,155.31163
32.772903,618.29456,55.91815,639.74915
0.0,255.33755,14.796917,293.48984
0.0,254.85698,10.735221,292.59027
0.030367851,425.95764,11.044225,459.70776
62.49238,629.94934,85.876945,639.8871
