113.882416,156.93779,140.54092,201.17052
116.29864,483.97296,142.59186,517.36664
17.396507,401.30676,40.235962,432.30566
89.24011,19.65624,115.25679,58.73562
89.917404,562.18555,114.99312,596.20703
116.76938,533.44446,143.03812,568.8633
19.348465,456.57843,45.414024,492.74542
113.051285,285.80444,138.79443,316.45477
128.6514,0.0,153.0629,17.445808
15.472103,324.8433,41.97237,360.2626
78.93585,314.45087,104.89911,348.96008
78.6337,238.50983,107.70358,279.79688
25.871216,499.92523,48.662224,531.29584
82.40851,138.3963,107.54759,175.60052
83.3983,467.8001,108.026505,499.2237
113.12384,338.59085,138.45291,372.6274
28.011396,0.0,55.914368,21.995794
59.380157,8.039951,85.52083,49.754513
115.6476,433.80054,138.99281,460.52332
0.27412033,577.625,23.07365,605.1145
49.917656,203.74017,74.308395,238.31293
50.134445,302.91174,73.88808,337.18103
123.43953,624.6018,147.59102,639.96875
83.34619,511.0545,108.97246,545.241
0.1658802,544.8396,15.173863,575.40967
0.0,161.83728,16.368214,199.74994
0.0,0.015197754,20.897213,20.261875
0.19602013,473.27872,14.249007,510.1483
58.507042,579.3849,80.47332,607.22473
62.43001,614.8318,85.8065,639.7529
22.035967,184.53949,45.271973,221.06226
59.29996,82.06984,83.74155,121.87868
24.15961,127.43194,49.277027,160.17236
111.51242,393.07846,135.82648,424.42496
58.607647,540.068,81.61122,572.7914
81.36774,364.29807,105.3522,397.13748
