0.43025017,0.24689102,24.020168,34.19794
116.40569,524.7225,140.26685,560.6292
16.591293,359.54816,45.059837,403.53534
85.56063,503.565,109.367165,533.413
112.69144,184.36078,138.3641,219.59106
0.0,162.9574,14.897929,195.94543
77.0541,307.42157,101.55756,342.40314
48.250084,399.21667,71.6459,433.64673
106.42244,339.8661,132.05864,377.87598
56.069748,133.16171,78.87874,167.82608
88.11524,138.94357,114.81574,175.44406
46.304832,293.80823,72.27357,328.07306
19.764248,200.59515,43.880615,232.30215
38.91918,0.0,61.057,10.872671
117.47876,97.14412,143.73288,130.95305
