113.67015,490.07,139.71611,526.7906
0.12549973,108.616974,18.025082,145.05939
51.740997,466.61334,77.25661,501.31903
16.688095,333.12744,39.67493,367.2566
84.469574,534.82544,110.37546,568.04614
0.0,520.87524,19.555834,552.5654
115.03781,396.82977,138.73096,428.97638
115.205,166.99728,139.03918,202.58517
81.96788,209.92058,106.27391,245.55727
119.846504,566.87805,143.96484,601.32263
81.86061,427.87366,105.89497,458.82404
27.067558,517.68805,50.6827,548.31464
21.15815,261.25873,45.309227,294.89325
90.719025,616.03864,116.209015,639.9306
49.235184,305.5597,72.051384,336.68616
93.35843,0.018947601,121.498535,32.85502
115.40567,296.05878,138.1639,329.1855
27.959227,607.43787,54.699356,640.0
82.8539,297.18195,105.87732,326.219
58.301426,563.7982,82.23428,593.7777
25.880028,154.33261,50.636383,189.21298
25.145348,442.65674,47.5726,473.039
90.57585,106.30533,112.412796,136.10532
53.9405,190.73097,77.297264,224.39366
102.71543,0.0581398,154.7958,35.188004
0.28706932,181.32544,14.436353,224.13156
58.24931,106.347565,82.79463,138.26009
122.18697,0.25948715,154.7391,34.819714
