114.38089,161.81091,136.22882,196.27917
108.696106,350.41455,136.021,392.6446
0.013861656,525.08875,15.61887,558.19543
26.803211,90.29852,51.003124,127.51672
59.903065,574.2702,84.735,605.85016
117.35564,493.89417,142.17491,528.96875
54.314827,466.6186,76.66184,496.85333
0.0,37.810326,20.235535,100.36669
81.29248,300.42468,103.3987,334.9784
121.866844,606.7217,150.47208,640.0
27.610928,197.74695,52.744564,232.62146
85.22098,24.311903,114.46173,66.1517
97.59684,85.99038,121.769264,118.69567
91.19287,616.42944,116.85309,639.92065
24.033024,470.3236,47.65662,499.2444
121.72882,0.0,143.51431,9.644135
0.0,354.51755,12.620274,387.3264
