118.49532,502.43127,140.49191,529.05225
120.02613,586.692,147.80688,619.9723
62.981125,6.329628,87.50452,40.85731
121.60315,167.29388,144.57779,201.34607
0.039894104,532.47186,18.157818,563.6879
115.01166,315.32233,139.86337,347.43207
0.0,177.0939,17.533367,221.0871
24.160475,504.1305,47.93512,534.3391
125.93639,0.012245178,152.03156,10.409079
120.885216,83.23425,145.47354,117.036804
108.74791,243.25757,137.84494,286.08215
112.24638,375.87372,138.48796,409.46216
2.7057266,22.427021,46.691277,62.799145
53.319218,423.5405,76.73068,457.334
80.762474,208.52509,104.96647,245.89221
1.9542465,0.17875671,48.272285,63.176186
0.36276436,599.50446,24.4306,638.2088
49.122086,156.17017,74.65391,194.1737
86.2767,539.4153,112.03906,571.8761
25.698933,65.50678,51.715725,103.22852
46.554665,272.51086,74.89379,309.51282
81.40973,465.86902,107.027985,499.6848
19.488155,318.1767,43.02477,354.48615
25.624405,576.70667,51.90036,610.4496
19.847954,427.70105,44.8591,460.75922
86.86273,34.291634,113.37607,69.048836
21.265991,192.81528,46.033203,225.34119
79.67177,408.22186,104.132385,440.18292
51.24958,221.88333,76.285835,260.90753
0.011526108,266.20947,10.963745,302.36768
59.009575,543.2175,82.17594,572.7615
113.892365,433.94583,136.35612,465.59518
21.045086,148.05426,47.983265,182.04651
18.833939,265.90814,42.476357,298.0816
