114.60043,364.27704,137.12544,395.6198
113.531586,235.10516,138.74915,270.15057
119.89199,569.73334,143.55746,600.57196
53.35968,513.8545,76.623535,543.6196
59.818165,419.1705,86.12846,452.3226
51.654243,304.65448,74.98656,334.98822
85.9309,576.3258,113.61993,612.8446
80.21109,256.7131,103.95465,291.72726
58.36108,67.112976,84.07687,105.57019
58.559174,598.45886,83.925,631.49133
0.0,373.49863,14.807829,409.5189
122.26265,45.266483,150.58687,87.87186
88.284744,57.33568,114.79405,97.03026
53.59277,150.83517,77.90149,185.7742
26.250055,82.07315,49.944862,115.23514
