83.86422,226.83945,107.46642,262.60184
48.498215,403.56378,71.56511,435.89508
60.515766,0.0,87.690384,25.29422
2.6283226,607.41223,26.24521,639.4618
58.478333,570.0905,80.21196,601.1452
82.05475,411.67328,107.127045,444.70038
116.07936,488.08258,139.54936,518.4826
22.553356,278.30865,43.89735,309.0265
49.010147,248.49585,72.7104,281.56287
0.18564987,496.2279,15.683068,525.8882
29.700184,40.759247,56.226788,79.75117
116.17297,134.5951,141.54779,172.80322
23.836494,492.5346,46.289864,522.5468
87.82417,550.3345,110.85387,580.8816
0.0,201.68597,12.313673,240.07019
