116.30382,123.26297,141.09602,160.63101
78.441284,361.49338,104.79225,396.33975
0.27693176,613.3832,23.197681,640.0
109.98717,460.4588,138.5855,501.13733
111.524,213.69785,136.27895,250.1893
117.52053,593.8425,146.95633,628.9531
25.128874,482.46838,47.700867,514.2394
125.18329,44.12284,148.5794,77.21601
51.35917,487.77704,76.03781,519.1718
15.078796,259.78067,40.362946,294.33664
84.9162,478.7052,108.15933,508.95892
0.13138103,513.80096,15.664332,545.867
89.53761,35.612083,114.3745,73.15967
50.03206,317.07944,75.24051,351.14737
22.315294,402.26685,47.111053,434.64587
22.204369,191.79156,47.13479,228.77936
0.0,72.71735,16.447485,111.054596
45.165398,392.82562,71.99352,429.4212
52.42607,227.73743,75.40023,261.02716
26.315107,59.78907,50.865326,96.908
23.30934,400.77853,58.215546,435.1719
78.823425,269.02026,103.942505,303.97845
21.267166,110.05818,49.7641,150.17445
32.28555,0.0,55.488636,13.637493
55.44866,579.0964,81.32348,610.84454
19.650452,320.15262,43.039238,351.5861
56.263054,127.339935,83.371925,164.75317
