59.926853,0.0,85.558105,23.337702
78.882126,315.85065,104.293076,348.2591
112.84241,233.18707,139.64363,268.26685
47.969055,328.51477,73.006004,363.1765
110.88849,387.422,136.1348,419.7351
0.0,96.801956,21.178396,132.18266
51.556587,618.5034,82.89443,639.99634
19.629677,308.61096,42.47367,340.24817
115.83089,536.735,140.57802,571.24695
85.47716,131.07324,109.67189,165.28345
48.55744,391.00012,73.976845,423.5094
94.49481,6.473118,119.08978,40.593407
19.071243,160.99365,42.732582,191.5961
26.915617,571.7694,50.690353,604.9822
0.3233757,591.06525,22.920977,622.04047
18.878841,439.63495,41.858135,471.98267
50.34124,450.97168,73.863945,482.1662
80.34927,431.767,104.86188,464.14005
88.368576,567.6832,114.2422,599.5043
83.34848,224.84961,106.18309,256.23798
50.6185,251.78119,74.909706,285.0725
54.299248,109.5471,82.221,147.87534
78.49536,370.12817,104.270386,403.14062
21.492012,230.7096,44.772827,263.3598
0.0,195.74573,14.621363,232.65582
57.570797,521.5416,79.72858,553.28235
127.164536,0.91013336,152.29652,34.444183
20.304136,499.35474,44.86223,532.87744
118.02795,111.70481,143.59442,150.32156
