115.28314,183.85445,142.81924,221.68858
59.423306,623.3065,84.16724,639.9542
23.329742,498.8022,47.283836,530.50446
19.903675,360.12158,43.052197,393.1043
0.02865982,584.4324,21.180248,617.11743
14.059655,283.60135,42.401054,322.36594
50.72271,392.81268,76.03657,425.63812
122.51427,602.238,146.46892,633.05853
0.19214249,490.74805,16.256447,524.411
111.21974,311.1455,138.97388,347.86743
117.06241,455.3531,140.02151,487.68292
0.00466156,77.834,17.757051,111.82683
53.557682,550.2158,78.72211,582.4978
50.415474,217.04214,76.67747,259.50452
45.077583,333.57404,69.49182,368.3615
85.26238,433.16913,107.88619,463.55292
81.919655,294.6253,105.97675,327.7635
122.22505,543.7691,145.32686,575.9261
87.16915,511.1067,111.57671,544.0033
49.567627,471.4646,75.535355,520.96533
87.78196,52.039513,113.0384,89.51188
58.61269,6.515999,85.93083,46.496544
22.009384,152.38719,49.15303,188.36974
120.40909,45.117817,147.00015,83.50932
49.142372,471.17825,74.99747,506.4827
51.84389,128.8114,77.389694,161.49353
