0.0,550.7865,18.883438,581.5116
85.25304,529.7909,110.419754,561.9606
48.578056,312.28143,74.664925,349.1651
78.337296,211.10567,104.126785,247.41365
23.15184,469.16248,46.3636,499.95612
19.45375,296.61865,43.254463,331.80798
120.54097,40.580597,147.88322,76.46063
0.0,11.986755,20.367565,80.9368
32.625404,570.6754,55.75791,601.1262
113.7448,195.53519,136.7858,233.41232
44.043327,383.39032,68.05986,413.7928
81.19446,425.67203,106.23099,459.09714
110.58934,260.04352,133.67778,293.05792
30.887547,7.236328,54.932934,40.125206
19.600416,179.89404,45.710587,218.3866
82.34154,273.05228,106.59247,308.2316
129.98703,0.0,156.12827,22.217735
2.8504581,398.70712,28.890568,429.9493
54.208584,543.5542,79.73984,578.052
53.2884,464.54022,76.80073,495.13422
119.10779,131.2916,142.51065,164.93814
0.0,256.86145,9.236979,291.3058
87.58673,69.970764,112.43088,105.74432
120.135445,631.78,144.53851,639.824
26.114813,77.253815,46.7844,110.11067
42.99212,73.186935,81.22488,147.78714
