82.631454,437.72437,105.8519,468.1933
116.402306,539.64154,145.0729,574.2751
19.528004,267.89886,43.216644,299.73297
113.95293,386.71176,138.21025,419.80368
0.023370743,405.8343,14.490269,441.18573
0.63703537,626.3127,25.016262,639.8892
79.31479,281.08307,106.523895,318.6646
50.15023,381.007,74.770905,412.9653
113.42824,264.61514,138.97234,299.56216
0.0,551.60657,16.581453,580.05566
24.143627,435.22256,46.722805,465.4066
27.882034,576.0225,51.930206,607.5578
115.36693,147.50995,140.58405,183.93304
51.3214,492.57635,78.18425,527.4842
87.91713,531.7263,110.76634,560.19653
24.011662,147.58435,50.782375,188.1167
50.54371,205.82455,74.32209,240.48978
83.209366,204.59808,106.65657,239.29443
55.0586,119.387146,78.33207,154.164
123.5427,66.20425,147.71872,100.547264
53.254604,270.8203,76.697815,301.9673
89.782974,88.02514,114.543015,118.58613
38.292824,20.876343,84.699036,73.23589
