31.006208,537.37976,79.290955,587.76794
116.14449,535.979,147.37851,577.85913
15.82357,378.86697,41.49057,415.9307
14.903861,314.36835,40.10894,346.50653
50.709152,220.6218,75.86894,256.82816
0.0,540.45154,17.437801,569.2811
0.07428932,18.833733,24.782892,56.18358
20.180649,450.79553,43.677185,484.71277
81.46865,249.02118,105.48382,283.1219
109.62256,373.8919,134.26733,410.76093
51.817078,428.6537,74.80951,460.503
21.661255,187.47476,46.152107,221.93762
24.466652,104.14064,48.14138,138.43599
118.23781,88.72482,145.01155,127.62099
83.64435,194.31146,107.288086,228.43237
81.1923,430.0755,106.385124,464.6651
56.474606,132.44714,82.51306,167.58368
91.9041,577.72266,115.491974,607.5823
92.59039,0.0,116.999115,25.428265
109.79059,244.74072,134.82799,280.1411
89.66338,101.78146,113.58538,137.83041
76.99802,309.33902,103.93196,343.45285
47.00358,301.79358,72.919975,334.24097
27.672943,26.521057,52.636444,62.073036
44.917473,363.5863,71.34744,398.76562
0.0,455.32074,11.610499,484.95795
1.1758156,632.77246,24.36243,639.8718
