114.33005,190.6449,136.46979,226.62225
90.044525,588.5655,114.49548,620.8388
18.848625,330.1434,43.122772,364.25607
19.457321,443.90662,43.042587,472.6198
55.36698,513.01575,79.42089,542.5812
48.282677,414.99936,73.16149,447.91226
122.56197,0.068416595,148.52554,38.43399
118.26092,522.239,141.58795,553.2528
28.99934,593.1686,53.534313,623.94543
81.67347,294.54987,104.485435,329.61945
0.0,612.3496,18.565144,639.81836
108.64557,335.265,136.1522,372.46838
43.54255,255.43301,75.621506,299.44424
109.56441,437.38696,139.20598,473.7213
30.885208,82.59747,54.243904,113.90732
85.243,432.96545,107.35097,461.42133
22.24658,155.58786,47.755463,191.04709
11.171783,244.45715,36.31642,276.63416
0.25182533,114.86325,25.711943,158.53378
