2.7062798,151.02832,50.353737,219.71948
121.493225,546.6415,146.2377,578.5043
42.856766,361.9956,64.781845,393.54578
25.98359,508.1908,49.652405,539.6813
83.60373,540.0696,111.278625,575.50757
83.10827,459.56415,107.309944,492.6037
0.0067367554,578.548,18.918388,611.0377
112.56305,421.2376,138.56058,454.94293
20.428658,415.5964,46.479103,452.93716
113.88153,349.91467,137.31448,380.26917
60.019184,610.30273,84.34755,639.82153
84.7547,169.60785,112.47565,207.80524
115.89555,153.22961,142.1617,191.54248
52.201424,423.56366,75.43622,455.4898
27.94193,251.21918,74.453804,325.38538
58.654305,91.54907,83.24067,126.528885
80.20274,364.77542,104.310104,393.89432
47.099182,22.171469,72.83682,60.974678
55.63033,490.01575,79.05232,520.37427
93.755844,41.754295,118.1949,74.000565
0.0,478.01794,10.116207,507.07593
