113.284775,331.67426,137.57634,364.1966
122.36374,23.91478,147.2131,59.907677
79.91278,316.6146,103.7769,351.08823
59.035362,533.5126,82.651955,565.0448
27.19487,139.55667,49.956383,172.89676
18.37328,333.58795,43.735992,367.34125
0.18663406,1.3009338,24.453491,52.788307
48.260986,234.72397,71.82915,268.3846
115.1847,485.4715,141.01978,517.7703
109.93286,245.55797,137.17535,279.72925
59.328922,598.2734,84.71356,632.04913
89.59809,107.69704,112.04449,139.89769
20.671648,478.99304,46.999985,512.17255
82.88774,221.24469,106.96596,254.7391
57.687546,133.32251,81.84805,167.75195
22.791061,422.841,46.871872,454.87946
30.034576,578.4756,52.420692,607.8296
82.75714,447.02707,109.7099,484.0781
28.417679,67.4843,52.629265,100.191055
0.073596954,104.83627,14.568554,137.79898
52.624386,461.1834,75.72519,492.60602
118.72806,99.30348,143.27151,132.92442
0.0,385.14282,10.715845,414.47626
