113.320435,509.27634,136.26712,543.87744
92.812744,556.5728,116.06131,589.0927
114.38159,354.91626,136.55582,384.65747
81.507996,374.8537,104.89786,406.13135
83.62633,152.63615,106.580826,187.92552
18.96,282.26764,42.737083,315.03082
19.96391,338.27295,43.03593,367.6383
121.375595,84.77309,146.2845,119.96651
20.480486,183.05243,43.947998,214.62714
47.3453,445.13925,72.074165,476.49283
109.55162,222.48997,132.19395,255.38918
21.955105,457.30432,45.328144,484.9673
1.5579071,19.553108,25.747517,52.8795
117.05803,145.77032,140.45177,177.51965
50.26921,315.1535,72.47143,344.70563
26.85839,28.587898,53.17444,72.60417
50.52768,204.98935,74.599686,240.76266
0.0949316,490.52338,13.996582,520.4806
75.3519,322.2265,99.87642,353.5064
79.42337,193.6311,105.5143,227.99548
0.010728836,259.46796,12.948013,290.24445
125.4348,4.4830513,151.41844,43.320724
28.202686,108.006836,52.20747,143.50137
89.830734,33.132393,115.063156,69.40044
