110.44508,379.5284,136.77904,419.22372
18.657955,412.39093,44.225445,444.96106
119.00596,617.3517,144.79501,639.95544
0.0,153.68945,16.331118,189.71942
115.175995,514.10974,138.68326,545.42053
78.40042,410.3365,104.2926,443.5522
55.42384,515.5787,79.33739,545.6204
0.04229355,91.94939,21.969173,125.12131
113.52034,236.6525,137.31487,272.969
86.44379,573.41846,111.3546,602.47144
116.37777,40.881767,145.3417,81.44715
33.81868,170.39323,59.421173,207.99788
84.29587,189.58691,109.29074,226.61319
25.262976,504.71924,47.269035,532.0908
32.945282,626.1233,56.88817,639.7572
92.693375,16.484985,119.46315,53.718956
27.948992,67.123955,51.424103,100.76722
0.0,362.86133,11.895523,395.27173
