82.276955,474.4063,105.38116,503.71503
18.095352,392.5083,42.120598,423.21143
77.22812,320.867,106.69351,363.75848
89.0839,576.4553,111.96999,608.3379
116.073135,384.56665,138.819,415.88123
25.316242,489.4079,47.631878,519.8028
113.455475,0.036117554,143.13174,37.600388
44.779404,208.0849,75.14441,253.06677
49.58999,366.22418,73.08152,399.60846
0.34615707,598.69556,24.52977,635.0875
0.0,463.1419,14.730942,492.79364
0.0,127.18268,17.012825,167.83383
53.14259,534.01465,78.03273,568.3546
107.24472,214.40356,135.56068,253.40143
84.2676,123.483475,110.6419,163.65031
24.52131,0.0,52.40264,16.696295
112.21367,464.25043,135.78581,496.91412
19.734056,151.60477,48.190765,193.63046
58.127743,0.0,86.91849,22.888443
0.0,254.4636,14.623697,295.77383
