0.24544334,606.8335,23.331165,639.57275
26.802734,56.70842,50.550858,93.590546
89.68606,26.911423,114.865486,66.41012
79.06146,355.6443,103.88571,389.64465
109.56293,454.76425,138.2446,494.08206
0.10042,507.33923,14.945612,538.7312
15.616653,257.47076,39.85447,290.93658
0.0,66.260925,17.758091,104.09067
22.082138,187.97925,46.69494,225.49518
112.1676,212.05199,136.35214,248.05064
24.937126,477.89948,48.08097,508.32587
31.4317,0.0,53.71544,10.294013
116.174255,118.71822,140.56793,157.07523
117.59412,587.9478,146.01477,621.29913
20.220222,315.8131,42.75077,347.1078
50.19442,313.49335,74.955414,347.0949
56.523956,120.35977,82.95894,158.51016
84.9308,474.50894,108.62297,503.7726
21.83702,106.75981,49.958694,147.20752
125.0174,42.10762,148.87488,74.16214
56.20407,571.7196,81.154144,604.9513
85.51416,594.77,112.188614,625.27
31.47992,630.93884,53.9749,639.9088
52.232117,222.90747,75.17243,254.3056
50.807007,481.94055,75.56474,512.8386
78.68492,263.84644,105.748,298.63965
45.003624,387.36462,72.66404,424.12708
21.992153,396.473,47.609264,429.6956
