0.0,545.16315,19.677238,572.4318
0.0,19.326313,21.100101,57.402958
83.13159,398.59705,106.962524,432.60278
81.53163,230.24841,104.438095,266.24695
30.367172,604.4741,55.101456,637.9951
0.0,246.6339,19.171062,287.58118
17.492588,401.152,40.087753,433.06363
19.036966,479.88593,46.38772,514.9515
90.50244,590.23126,117.26935,621.58685
117.85332,148.29712,142.9919,182.62408
47.090378,287.78412,71.31781,320.5285
126.18967,24.25363,150.2261,60.890366
84.89124,113.0361,112.0667,152.4628
81.52098,487.5902,109.30467,530.8384
49.003098,492.71738,76.66488,532.4435
26.099747,113.70752,49.198746,149.35812
17.761719,262.99573,43.890152,298.0807
56.819603,65.50174,82.351326,101.286285
119.42528,595.61633,148.1816,631.26965
