32.228134,0.20103455,58.30249,28.444767
113.57863,0.14462519,135.49161,15.919359
82.949066,204.82782,104.41577,239.95715
115.72756,74.623825,141.7474,111.919846
55.214684,504.5412,79.335915,535.2038
108.79228,260.6734,137.54094,303.50854
40.879486,90.6543,67.09465,127.214386
51.05139,394.42166,74.67987,426.01968
115.55536,403.5907,140.75488,437.19348
86.81966,532.5993,111.91438,567.18024
117.90233,523.1701,143.5854,556.60956
19.974869,389.63995,43.917328,417.95007
88.355736,625.3672,113.09397,639.7312
21.247238,265.26276,66.5087,309.015
0.1019268,0.0023670197,24.048159,15.470056
0.0,450.1371,10.801432,481.81873
0.0,271.6446,11.204748,304.94684
