114.77579,451.35892,139.06766,481.10977
78.462555,470.04462,104.56995,505.9831
29.333033,604.6525,59.938133,639.3211
18.196495,398.39407,42.07122,430.48026
111.43367,376.49222,135.32912,406.06863
58.921486,550.7101,82.96772,581.6605
120.98086,56.61017,145.9277,96.236404
74.71474,242.1205,99.5417,277.49353
115.171875,236.00006,139.04236,268.82724
89.99313,576.4728,112.13977,607.923
19.111015,308.9713,41.516773,342.5755
13.766907,517.6813,51.266785,561.0936
20.660122,170.5536,44.3811,201.27013
51.878994,145.47375,77.92236,178.50171
78.161316,320.76483,103.118866,352.50458
32.7911,0.0,85.44967,24.613567
47.05571,304.54498,70.15642,333.7052
85.1539,123.56256,109.26575,156.6134
35.813965,0.014873505,87.32883,43.334885
56.29993,0.25506592,87.84607,43.5399
96.972435,0.0,120.27592,16.130089
32.439713,0.0,60.99238,23.839993
