55.642086,265.0829,82.005646,300.09253
76.74086,406.4628,102.04167,439.1559
80.552246,338.1903,104.084,372.53308
90.75127,562.0991,114.26076,595.6074
50.43023,0.0,83.07397,40.029545
52.813904,494.90198,76.122025,523.9457
89.21085,110.106384,111.99558,145.74744
0.20209503,473.32892,13.951248,513.2999
22.090553,466.90973,45.41623,498.41223
108.129776,325.12018,135.96141,362.3625
110.58954,420.21204,135.29114,452.80933
10.905464,117.72319,52.82927,186.30086
26.412413,539.3213,49.45494,568.2781
43.005592,393.43884,71.506065,432.11682
15.331711,348.6725,39.878677,381.99866
116.38726,166.52385,140.90735,201.93858
124.63827,38.50035,148.93216,72.85008
53.21105,174.47856,79.25792,212.53139
91.49936,10.418652,119.21579,48.2592
54.542694,569.74915,79.212006,602.7035
123.10812,630.05396,150.58948,639.8856
