89.23519,603.7416,115.53948,638.5917
0.05404663,467.54205,16.898064,502.70197
24.22376,541.12866,47.006706,572.542
122.81839,46.786266,149.4112,87.48161
120.47544,513.49274,143.64664,543.6938
85.335106,556.62683,111.98826,589.87695
46.668427,281.40985,73.088196,317.5606
20.91336,458.3452,44.415207,488.2002
25.613297,104.73787,49.359833,139.86209
56.49285,558.25635,80.75277,589.74304
79.03058,236.72794,104.35919,272.20663
108.45737,408.73584,136.16231,448.43335
0.46115303,0.0,23.998814,36.85768
116.28246,193.26619,140.22058,225.25343
115.632965,130.4162,144.99799,168.3382
30.764837,617.4229,54.470528,639.7536
116.13765,257.5733,140.5959,290.26562
53.27507,105.726715,80.60623,143.00504
86.283325,496.5345,109.79527,527.4317
0.0,67.22792,16.582283,102.84709
76.092896,309.19897,99.62363,343.89087
17.46379,401.55908,41.409653,435.09125
16.668484,244.49472,43.455845,278.8154
54.690323,435.48596,79.60402,467.20178
47.050034,239.22934,72.285446,273.1696
52.442486,491.05377,79.13072,522.96246
51.724625,181.14398,75.45564,213.50461
77.497925,362.56,106.97751,401.21283
0.06796074,142.78134,27.763159,241.34616
0.78040886,629.65686,22.137077,639.88855
80.5374,432.9271,105.14581,465.96902
91.22374,0.0,113.033295,14.489105
89.395874,39.827957,114.75447,77.31708
