78.65509,392.57825,103.35855,427.4917
0.014074326,576.37573,22.080967,606.85034
115.041046,467.31897,139.23557,497.45776
0.15568542,55.60608,18.769104,89.76965
20.75413,443.73248,46.339012,477.85468
118.29814,602.7747,147.14616,638.7199
0.15929031,515.4957,16.591663,546.8402
46.080513,292.78516,72.42868,324.85083
31.603783,7.8566475,57.247177,43.855972
108.090454,297.82806,134.03244,333.64508
45.573204,357.27277,71.79866,389.15717
55.049873,521.9176,79.49964,555.60046
28.186203,618.22314,51.94069,639.84766
81.79077,237.56335,106.2601,272.34055
27.745655,73.49858,53.233265,108.90987
88.95329,520.1495,111.888794,551.23456
116.068016,53.733887,145.61508,96.352295
18.406364,368.441,43.568176,400.44138
116.54306,230.22952,141.85107,265.06052
19.497791,291.64688,42.644993,321.57877
95.72162,0.03866577,119.20801,18.249733
110.67757,159.63086,138.88023,197.65485
0.25288963,157.15477,19.466515,192.66704
22.97352,215.89316,48.40496,247.67941
54.924225,139.38248,78.46358,174.80936
20.14122,155.91568,43.95266,188.60226
85.164536,88.40112,110.85239,124.078995
