46.96682,364.28137,71.544685,396.8811
81.73807,269.15228,104.524475,302.02948
0.122493744,563.1847,22.45337,603.676
18.33749,331.48734,42.56903,362.0911
57.231796,515.2243,81.34389,548.50726
25.550581,99.51962,50.20343,132.71495
82.99588,376.1985,106.97244,407.38525
23.864859,490.62463,46.129433,520.3435
114.94653,142.09152,143.0073,185.62357
84.33203,561.2069,110.61029,591.8965
114.3593,394.4411,136.87416,425.78656
115.379745,518.208,139.07564,553.28906
53.841362,191.46288,79.22047,228.98317
30.899445,616.2831,55.409584,639.8429
90.61779,32.72908,116.27146,75.37746
57.703094,0.04179001,85.500534,27.574303
122.5907,630.76794,145.84894,639.8712
