49.454147,226.54977,73.01382,264.93546
20.407326,411.7124,45.13276,446.50916
112.55841,445.6291,139.28796,482.87695
56.07143,49.913345,79.73973,89.109604
50.68627,386.89697,74.1062,418.53058
84.17281,491.83234,107.77691,523.4665
82.74312,372.28696,108.14647,409.83
0.0,452.6422,14.397072,485.39844
85.90541,115.79648,111.35747,153.6041
118.97647,619.72974,143.87799,639.8779
20.387556,177.53586,43.88623,210.42255
63.089043,588.7235,86.57792,619.4839
126.97922,0.0,151.22388,11.182703
0.3063736,612.13196,23.898647,639.9435
0.0,257.083,11.093855,289.69336
36.676132,0.0,56.968376,7.8097334
81.882996,372.27036,106.50476,394.293
