81.66724,315.41342,105.3145,353.55447
48.589325,295.7185,72.49292,330.0575
30.836945,591.70984,54.3349,622.2665
25.720686,464.87747,47.74179,494.0886
112.17001,236.00372,138.52994,272.06732
0.18787384,505.7126,16.432152,539.3599
115.84532,531.9075,141.56886,564.8076
53.063477,505.9934,76.25186,536.3352
84.24655,538.5251,107.87851,568.58234
0.14283371,588.61316,22.202972,616.9911
48.286743,414.84442,71.15282,445.2016
92.44234,0.08725929,119.96846,30.392105
20.094109,147.23836,44.64322,180.66405
109.42386,416.67,132.49826,449.82712
117.311295,51.12979,145.80458,91.73874
84.47255,114.43266,111.06148,151.34361
51.87576,132.23967,76.86203,169.76125
