21.037031,356.40875,42.969543,386.97247
26.785433,114.376495,51.597977,152.71173
112.88495,229.75824,137.3613,265.23593
51.825645,476.0852,74.89479,508.95776
120.12207,561.2571,142.90918,590.9492
57.936005,64.69803,83.48311,100.21359
81.830154,311.0744,104.985855,346.06586
47.11699,328.91022,71.95314,361.80878
84.26292,489.61206,109.52636,522.1117
1.2907066,31.763624,23.961035,68.664856
27.643612,561.6291,51.36423,592.4089
32.804317,5.6871796,56.937565,44.55455
90.816605,623.7584,114.187,639.94104
0.0,560.349,19.628172,590.0016
0.0,282.7174,11.534609,319.39246
126.2511,0.007068634,149.02774,8.7777
