51.66681,462.99518,76.062164,494.99237
83.14073,325.1065,107.3849,357.87543
26.628942,521.6432,49.639,552.8983
45.435318,306.08392,72.11163,341.2104
0.0,517.3347,18.63155,547.7351
113.42528,150.1024,140.21567,192.39626
17.990658,370.26193,42.08414,402.18216
62.560005,12.756275,87.67805,50.120834
91.50215,39.245422,117.85045,78.12044
0.32640076,0.041194916,24.179243,20.13187
80.37819,516.8135,110.83299,555.4878
0.0,125.25199,17.705717,163.1351
82.15103,208.64484,109.11987,249.60883
52.03382,153.08646,76.14826,187.7839
110.91974,371.0804,135.67076,401.88058
113.724045,521.90234,136.95047,552.75757
0.0,219.25534,13.797746,253.75516
