87.76137,109.81619,113.07959,149.56537
0.11428833,88.68892,16.482647,124.020065
108.784775,372.7057,134.3869,406.44373
28.49405,43.319412,54.695816,78.77162
114.17967,182.37622,138.46584,215.39578
88.69063,548.5182,112.50795,582.8662
23.563461,546.9911,51.103745,583.23914
21.51057,194.31274,43.3641,224.56
82.97907,413.69086,106.58349,443.35553
50.61364,342.6325,75.12032,375.96368
19.667492,397.7716,44.763584,430.49036
52.680775,191.96301,77.34526,227.2027
116.17169,492.3545,140.93777,526.1438
57.312355,517.52246,79.85848,548.49695
0.0,366.22784,13.252315,404.06042
123.09139,633.02,145.52817,639.86255
