25.385092,547.85394,49.93148,581.59796
87.30789,578.9482,112.8965,614.0462
78.675224,272.10413,102.73119,310.1267
52.39491,152.10272,76.05986,187.34991
0.0,1.722477,21.10839,41.192238
113.00647,348.1129,136.8877,380.22705
0.0,395.11423,15.406146,430.17508
79.126526,356.21912,103.81619,389.25415
51.090347,317.53665,75.011795,348.5399
82.72835,160.11395,106.15944,191.7019
112.12158,210.25803,135.74391,247.01889
26.448639,135.57982,50.359627,168.89235
19.00729,310.11035,41.39462,339.77246
0.07841015,84.111176,15.716418,119.72766
75.30719,3.375454,119.858154,53.728054
55.799206,59.346954,82.30119,102.97217
86.71672,7.429161,120.4857,53.543304
