0.01781845,468.2564,20.372536,501.8913
19.59655,339.63916,44.917023,373.51025
109.77533,331.07547,133.97751,364.07077
115.171036,457.79608,138.70992,491.61804
83.56746,533.01025,108.85954,567.5105
49.11126,372.71625,73.69479,408.9942
58.55381,575.4741,80.8368,605.96387
56.096157,482.5807,77.77362,511.10254
83.66983,410.03265,107.48599,443.17682
79.91765,261.7865,103.30304,296.05322
0.08814907,119.7912,15.002156,156.3498
52.532494,167.89804,76.12577,201.72177
28.558044,69.55029,52.763786,104.6994
123.71319,0.11413193,149.22943,28.667154
114.28703,128.74008,142.45262,166.5834
0.0,295.03552,10.668163,330.3308
86.45043,141.56561,114.163,178.41663
59.623074,46.360695,83.91763,81.364105
