89.3889,602.75903,113.63437,636.94006
115.82611,375.3745,139.96297,405.7932
0.10228157,585.5381,22.414326,617.1039
116.17081,513.4585,142.94775,546.2705
121.411705,589.76385,144.84195,621.88055
117.01516,106.24307,147.18436,148.40894
107.613464,297.7953,135.4387,340.0647
20.977928,459.6478,45.343628,492.87088
27.34189,515.4172,50.021744,545.648
0.0,529.3728,19.011578,558.7788
30.546349,0.0,57.43795,31.070942
16.76886,328.16553,42.00346,359.44116
18.54879,279.0497,41.243683,312.16745
77.36856,314.95624,104.65262,353.83466
124.559364,0.001159668,153.53183,34.847034
57.542534,45.566063,82.36126,84.86297
117.71762,162.72427,141.19803,194.50516
59.467796,556.71185,83.11596,587.6923
0.0,367.6351,13.164168,403.77664
84.188324,426.25485,107.42566,459.88364
79.57648,376.73196,104.468994,411.48227
46.875847,257.14636,72.896385,292.52136
17.679573,398.25903,42.34832,431.651
20.130568,165.79279,46.78447,200.71677
82.05133,478.0664,108.31009,511.1737
0.11598015,0.16198921,20.489468,16.972776
118.44776,210.5917,141.98578,242.83646
79.81244,216.37526,105.06558,254.21123
85.29233,556.08704,112.1463,588.2981
47.884354,200.85172,74.46021,237.60959
84.91208,91.62471,112.08249,132.48853
83.25618,146.75812,108.16713,180.14008
