81.15932,351.1786,102.25154,382.92236
115.422745,441.58173,140.61195,472.98785
17.883617,262.1148,45.744766,299.69702
84.97037,464.49005,108.71359,495.15027
0.7370815,10.033798,28.073582,52.765747
43.261284,322.27942,71.957756,360.17896
49.047752,473.58722,75.55555,513.7122
120.18329,595.21967,144.34186,628.73016
24.459206,502.89893,47.54914,532.5907
84.04477,117.36844,109.032074,152.37482
121.57266,0.32640457,146.05582,31.446201
51.77198,138.22665,77.50907,176.43448
29.963833,40.907593,56.800488,74.88672
0.0,203.83272,13.855375,236.88594
111.9951,303.70056,136.54767,339.43176
0.068302155,490.47888,14.8227415,517.98016
58.221054,607.2543,83.1044,639.66907
90.988266,602.9943,114.51872,633.2299
94.27918,0.0,118.07612,12.163695
0.0,307.096,11.205656,339.65045
