26.3553,304.81238,48.811386,336.11566
26.77449,559.4746,48.94169,589.1592
41.58204,377.64343,71.28351,417.03687
20.137775,473.69,42.78048,501.84393
109.347244,363.568,133.30388,396.2083
81.95763,213.62666,104.587326,247.53255
0.0,172.67274,17.57459,205.70805
112.65799,214.02429,139.30615,253.46936
83.91667,412.4037,107.28015,447.35596
120.60901,32.757942,146.70538,72.80572
58.903748,588.72107,83.78781,621.7825
0.20143318,62.4939,22.18913,96.39102
89.39808,597.8748,116.52836,633.3909
83.373276,83.98105,113.43269,129.55759
51.156082,189.79718,75.540924,225.00522
27.946985,47.911728,52.943886,84.044556
24.04599,206.1349,46.60411,236.68044
