0.18192482,569.32,22.456251,596.46014
114.79768,278.01398,138.12794,309.66522
78.92964,227.17053,107.94145,267.66632
62.798054,614.25903,86.17876,639.74023
17.031448,393.32233,39.814713,424.12152
113.807816,145.81355,143.46889,189.19646
116.6024,480.31885,142.3123,512.2369
123.334816,618.12366,148.73618,639.87024
90.24884,1.638134,116.153015,42.176334
112.79938,334.88214,138.79657,370.27844
50.216393,291.49377,74.12194,324.81018
116.66176,528.47424,143.29198,563.04785
24.32558,492.61353,47.42467,524.46747
25.236355,69.867065,49.185314,106.97476
15.599869,316.35718,42.00553,350.93286
79.06992,307.26892,105.04528,341.36414
29.1047,601.73035,54.3713,631.98987
59.185215,0.24459839,88.0141,35.968925
111.802216,389.55145,135.43153,422.21796
82.98555,123.01262,108.36543,160.31505
19.00156,448.68015,44.9532,484.12985
81.76427,362.27582,104.91576,394.92487
0.0,465.75006,12.323511,501.67737
59.90898,68.1528,84.407776,108.46039
90.13492,554.90063,114.61194,589.3906
49.50437,396.20377,74.862144,430.00864
82.94316,463.8187,108.33354,493.71402
115.96385,431.11182,139.39192,458.8664
0.19129705,149.98816,15.836195,189.55005
83.94191,506.72253,108.866135,540.43164
50.720642,190.31563,75.87337,224.46452
30.873127,0.0,55.904797,13.217021
24.669445,120.42258,48.278736,152.92056
0.5379963,627.0541,25.085976,639.80774
21.357637,180.00504,46.196762,214.68918
