114.31677,186.50574,140.22957,222.5028
49.97348,329.56305,72.31354,362.21088
82.37163,493.72815,106.95125,524.8449
115.14525,342.9504,138.98892,377.65994
32.727707,0.0,57.747025,20.314243
50.56678,252.02948,73.98799,283.55365
20.137661,228.4949,45.726635,261.26724
0.0,46.172066,19.048546,85.49915
57.221626,553.1011,83.16065,588.82495
20.031952,431.8355,42.923084,464.41888
76.39823,267.2086,101.22843,301.3491
114.52849,430.66443,137.27705,463.4638
118.25059,607.56384,143.63962,639.27893
68.59374,403.7647,94.52181,433.10345
27.629436,80.175705,53.99728,118.2419
27.158852,564.38794,48.485878,595.50903
54.77079,614.68567,82.17565,640.0
60.269405,134.294,83.97241,167.66058
0.0,506.88538,13.272256,537.3584
