48.47576,336.33984,75.32975,370.73718
111.903534,316.37933,140.26254,356.8078
115.048386,501.14627,140.1907,536.02856
52.373894,422.12296,75.14884,453.32706
12.870163,329.68292,36.464325,359.85797
79.72031,227.66574,103.082855,263.52057
124.184814,613.92303,148.3984,639.8226
0.0,600.85144,23.699333,637.223
124.004395,27.498154,149.12976,64.74176
77.41087,341.46545,103.876144,378.34528
57.044926,32.90306,83.03223,73.3416
56.102757,557.92,78.16293,587.3859
112.25682,184.37903,136.92754,219.15918
24.117544,81.815994,50.40702,121.59514
86.2151,551.04095,110.72623,585.14484
21.113464,191.035,45.988213,226.26572
51.389416,139.26984,80.53725,182.7586
90.05439,113.21721,112.424706,148.11543
