18.952705,244.35059,42.429115,277.73853
0.09700775,541.8293,21.9492,573.899
75.5294,211.70306,105.35347,256.238
45.876305,399.7926,73.67431,440.8941
19.855312,419.88568,43.030582,450.21454
54.528023,152.54031,77.940346,187.85751
90.804855,576.4585,114.79335,607.46045
0.0,123.430664,16.458141,172.46927
111.123886,439.44183,138.85078,479.22638
82.67114,479.1425,108.11972,511.47592
122.81963,21.876442,149.1759,59.74771
59.046684,555.4186,82.27943,584.754
26.637482,74.14749,51.243103,113.845795
90.4149,13.67798,118.25276,57.117188
59.901024,30.643568,85.64947,64.1729
