80.818436,339.2525,106.51573,376.57886
41.928123,316.60773,70.97758,359.4981
22.456612,463.09497,47.193306,493.41217
0.052707672,1.6508484,23.352207,59.40838
116.85979,154.67728,141.14317,192.75912
28.016422,21.257395,57.05736,62.28933
121.26332,88.86603,145.21776,123.420044
110.07997,416.59314,134.87698,452.03113
20.841873,362.33435,44.23561,394.50604
57.68387,518.6185,81.66745,550.4813
117.42241,566.59985,147.63649,605.2495
76.80179,216.04755,102.273285,249.47342
86.10589,121.53628,109.450264,155.58359
0.07988548,584.0353,20.551594,615.2977
46.782852,236.37274,70.418915,266.52618
26.339895,528.9098,50.596977,558.09534
20.453495,239.77051,44.15846,273.31274
86.730774,594.3559,113.91095,631.4266
0.016218185,483.48608,13.717575,515.3581
99.461395,465.36896,115.05165,484.50433
0.0,328.43417,10.411116,356.20865
