0.21933556,0.0,23.49204,24.871902
84.12616,494.27643,107.99005,524.03424
116.046326,514.9005,139.86972,549.192
106.94255,328.88165,132.01666,364.13397
16.809685,349.43402,43.34368,392.8775
89.196304,129.45706,114.91884,166.5723
0.023885727,154.29239,15.580061,187.66354
114.09894,171.52524,140.38098,207.80673
47.946632,390.48676,70.993355,424.6391
47.320496,284.60016,71.91907,318.83203
19.593784,188.75491,43.999065,224.65817
76.61538,296.33105,102.124886,331.253
55.059704,125.12747,80.43764,158.72821
118.51358,85.77049,144.88367,119.3521
