113.34604,480.85754,136.753,513.3849
0.24670792,453.7671,16.28526,488.82556
51.089195,493.52716,75.767944,524.8396
79.938965,233.40665,105.21706,273.76016
42.739677,307.10678,71.91792,349.54294
17.237606,522.00885,46.629387,559.87787
122.89969,0.7220459,151.68567,41.393616
0.16884232,35.572037,21.01981,75.82441
114.28679,187.59753,138.0327,222.25055
109.864,345.33582,132.78133,376.78113
62.06073,598.82666,85.02481,627.97314
90.88008,599.18964,115.87898,631.99896
89.22766,50.248077,113.151,89.52901
55.146294,167.645,80.6896,200.81099
0.1665945,236.55023,9.424845,282.5205
