78.658356,435.91443,104.158676,468.5174
115.849915,515.5287,139.50977,547.79626
88.09631,557.1046,112.67859,592.6444
60.042374,20.57873,85.58292,61.925255
114.82152,224.56241,139.51384,260.45926
34.84173,618.04333,57.969597,639.86414
74.907104,357.24805,101.589905,391.30225
78.338745,241.98068,102.586655,277.21426
95.319214,0.19447136,119.1749,28.869114
0.0041217804,82.481995,19.835417,120.965256
23.90298,473.97662,49.45039,508.2448
52.3434,481.30768,76.4552,513.87787
122.14986,578.7236,147.15785,612.88654
112.848206,395.08783,138.31897,426.69794
31.992569,0.0,58.68647,25.968678
21.74907,235.41464,45.694687,267.90433
49.52645,389.51022,74.126625,423.76364
43.80049,305.36685,69.49669,340.67
10.117275,392.2681,42.4662,434.35977
0.0,475.57825,13.65954,509.70612
121.228966,69.24443,145.09433,106.07582
0.0,344.79163,12.583797,375.01355
23.437918,129.28865,47.425896,163.89687
50.99852,156.72223,76.80519,191.29944
80.97206,133.5007,109.24779,172.51736
0.0,410.0735,15.34656,442.5625
