120.335106,544.13763,143.29398,570.8918
108.19702,257.73682,136.69647,297.95642
113.648544,458.83405,138.58647,489.48688
121.6155,22.599854,151.26889,64.86846
0.24868584,571.2401,22.071173,601.4779
119.56413,187.42322,144.398,221.84186
87.852646,562.3196,112.12068,594.81494
19.75589,226.17953,44.31549,258.21884
114.654236,320.8357,138.63321,350.06628
113.81456,394.7815,138.5135,427.11908
18.858555,353.7371,42.974384,387.39188
79.77113,216.84462,105.39076,253.38359
23.690008,83.43518,50.822243,119.732025
25.65429,540.2095,50.056145,572.1343
90.38985,2.5414238,117.984726,43.15567
19.174091,300.51346,42.214306,332.89957
46.125465,302.8858,75.09031,339.97797
82.479385,491.12567,108.09001,523.55695
21.379978,461.79315,46.57558,494.72125
0.0,465.1131,14.55752,494.50867
58.56085,543.15137,81.93442,572.62695
1.1549721,0.0,49.868378,72.73418
52.710514,431.2711,76.84177,462.29526
20.076908,0.13754272,51.663326,67.777725
59.702896,50.26212,83.83057,83.975494
21.603054,174.51239,45.58878,209.14496
19.7995,402.22278,44.36132,433.49768
0.0,210.56168,15.119049,254.68643
0.0,291.0232,11.335436,326.1797
47.390434,191.5057,73.57197,228.02042
50.372025,253.70486,75.69471,291.882
58.09993,579.8596,81.08075,609.0864
118.20212,125.30819,142.89569,159.53848
81.72296,379.41537,105.26015,411.57346
51.98764,475.6668,76.59874,509.30048
