41.863426,0.1660614,70.745735,32.71144
0.0,82.94251,18.857906,118.69686
0.07728577,429.32794,17.314243,463.9394
111.47447,306.69287,136.50362,338.97083
83.30798,408.7959,108.16257,442.13123
82.91775,192.44006,107.42448,228.64209
42.392067,339.1763,66.70337,374.37613
117.16699,148.32416,142.15436,181.43048
74.88327,307.28384,103.34592,346.01328
51.04937,167.92545,73.80488,202.09628
55.936203,521.2594,83.29675,560.3214
121.83545,557.9768,145.40756,589.2914
27.669018,114.340614,51.592205,149.22293
88.13767,537.20667,111.598305,568.51965
1.8633347,604.1347,55.326847,639.8475
0.4756508,604.24255,33.4544,639.97986
7.251877,499.34592,47.927284,553.3396
0.4773674,603.9613,23.520073,639.06506
