26.882206,492.01807,47.689304,522.7128
0.15204048,411.11383,16.181547,440.4969
0.0,109.35887,19.673185,143.55
70.49782,286.6153,100.533844,324.52094
81.04285,529.43506,111.63243,568.5127
0.0,502.91953,15.916151,535.74207
115.06409,359.93726,138.9466,395.24573
18.723995,204.97427,41.648712,239.48392
0.17307091,275.90015,15.397072,308.15942
80.12764,408.9096,105.008194,443.1419
116.481125,435.19073,141.72774,464.09802
0.0,30.334305,20.452522,67.014305
51.163483,247.41003,74.56632,281.75067
30.90608,5.1243744,60.665802,40.875397
109.08951,198.42903,138.11693,237.37971
44.86225,353.35312,71.404655,389.88065
0.26926804,619.5421,22.923992,639.7311
39.259056,427.122,63.409966,460.67554
26.94571,77.615036,51.264343,116.234726
29.795456,543.5906,52.3777,571.1731
115.053444,557.4894,140.97403,595.37427
55.4386,128.59074,80.70587,162.20317
89.52332,107.67256,112.34252,142.73502
77.034615,344.4005,102.918144,378.99194
119.82672,99.70827,145.16095,132.74803
21.504604,281.24744,44.61645,309.36487
30.664047,4.0680923,75.322845,40.892754
54.581284,558.27545,80.86429,591.4567
44.69973,1.0103226,86.42811,40.870735
56.546524,3.0415344,85.89102,40.34211
