18.543232,325.14584,44.24296,360.97702
78.82206,268.84985,106.37241,309.62354
121.186615,140.65848,144.00995,175.15164
84.22444,403.91467,108.324844,437.68018
0.0,525.4457,16.059464,560.71875
112.32167,435.199,138.61104,468.3585
24.815086,144.9766,51.721375,182.71585
0.012217522,414.7647,13.854272,445.52386
3.145012,612.8797,30.107037,640.0
90.00955,618.93665,114.977264,639.9242
89.60178,101.81616,112.46586,138.5651
30.658796,26.09773,56.625748,61.444763
58.459793,78.26377,84.079956,117.668816
43.47451,405.68597,75.96074,441.48285
49.538887,473.4209,76.96552,508.4496
0.0,260.31876,10.690603,292.63376
