53.28714,515.7565,79.301025,549.151
83.195526,474.52728,104.97543,503.7716
58.551193,601.37286,85.63927,640.0
50.654716,412.59668,74.018135,445.54492
17.511108,430.5692,40.574345,463.5559
97.86342,23.114857,125.96501,63.88193
15.128436,316.67352,42.679867,353.63666
106.7504,281.98203,133.39629,324.00192
80.67987,358.15643,105.17836,393.31122
54.773994,129.74231,78.672005,167.88483
119.12808,615.01807,144.47714,639.76245
0.0,486.32898,14.536922,521.2362
115.593544,128.45164,141.97916,163.21434
26.968044,595.713,51.68646,629.5237
82.80104,207.89163,106.10292,242.43494
13.625305,216.67804,37.39045,247.1247
50.1941,268.1293,75.32571,304.8196
22.422676,123.545105,49.822853,161.3028
0.0,147.21118,14.777129,213.90967
