48.203407,338.8125,71.69425,371.97266
82.88229,393.86115,109.01166,428.5385
0.28328896,623.5857,21.946056,639.85815
56.95992,595.2428,80.05223,626.93713
0.3639412,0.0,23.064625,37.19233
116.55336,231.44711,141.63628,263.12076
27.284443,123.97142,51.744465,158.35521
11.898632,424.74658,46.96319,466.7461
90.445045,19.774014,115.91447,57.914043
126.18767,19.43444,150.98393,52.31823
88.45589,195.63412,110.39525,228.19336
63.723263,0.310503,88.16345,30.606173
89.06863,625.00195,114.36393,639.83496
60.966995,98.76076,86.08336,131.50912
32.825813,0.0,55.061623,8.693942
116.777374,591.1144,144.19061,625.18176
0.17353821,345.50626,12.959492,420.79105
