49.69191,251.68561,72.02309,283.2312
90.64119,571.92554,115.04274,604.82214
81.10243,277.98615,105.3611,311.40765
0.0,66.28523,20.626036,101.29222
19.157343,426.16693,47.326164,463.42072
0.07960129,558.20544,21.694057,590.54236
51.73118,338.49933,74.88924,370.98376
123.10761,0.0,152.20673,27.288795
51.870346,424.0821,74.48755,455.83173
20.422607,614.0547,48.436806,640.0
118.74391,548.84247,144.18825,580.6265
19.960457,216.90283,44.80858,249.7334
54.681496,484.51855,77.14565,513.8733
59.910706,593.4742,84.16434,624.2939
116.987625,437.8844,141.98466,472.9431
114.35771,167.69281,140.50114,206.79565
87.936874,476.32904,110.20549,505.18402
83.90146,156.65503,108.78162,192.5734
0.0,413.7409,12.944016,447.03217
0.0,163.62119,14.731683,200.83344
0.0,288.26813,10.822784,320.41302
