0.0,85.923706,19.80485,119.57521
16.436954,296.9049,43.6447,334.87726
78.556885,344.16306,107.06795,382.51065
19.539558,192.42975,45.710945,228.37994
110.56004,418.28018,138.8407,452.27902
82.60466,457.707,107.4586,489.3643
85.78053,563.8085,112.34894,596.5204
25.105951,506.97083,51.372536,541.28284
91.403465,7.4681053,117.55491,40.865616
112.42645,212.4603,137.70912,247.27145
17.698502,451.99396,45.216972,492.75983
24.730331,369.18753,47.751305,404.72122
112.42584,147.86238,138.99713,186.3032
73.46704,210.36151,101.25452,255.58514
117.31174,608.3528,144.4188,639.5054
0.0,422.6162,13.5444565,455.245
57.501022,80.91527,80.67969,113.88103
1.8578606,592.7157,25.103432,620.2926
50.891777,218.66745,74.74569,252.17319
87.670715,91.96254,114.84743,129.45245
39.58448,584.7982,63.37651,614.7925
50.361496,211.4435,101.62741,255.33592
