14.599361,294.3733,41.681805,328.2339
21.288284,470.53705,49.00573,508.02216
114.33855,200.2555,138.68332,236.0387
56.203766,477.72406,79.00841,507.9688
26.01247,542.79016,52.582043,579.85474
82.603714,235.40906,106.42085,267.8898
0.0,133.238,16.469358,166.12051
118.85244,512.29565,143.03812,544.0149
123.220314,584.49426,150.37949,618.0294
112.07822,345.73737,139.68375,382.34064
79.25239,457.203,107.00466,493.57007
0.21331787,501.57733,17.072392,540.83466
51.81344,266.2033,73.51269,296.61896
81.92372,326.93066,105.53163,355.93005
126.40624,20.704065,150.60144,52.305794
22.091785,199.32288,48.79266,231.98227
92.14183,613.04297,116.17055,640.0
47.12052,397.33716,74.029625,429.11835
54.674732,110.1754,82.38103,150.85594
86.95953,550.6532,113.17163,586.0636
1.354742,33.086494,26.209726,65.78053
11.7146225,365.23093,44.45751,408.26584
28.392006,0.87477875,56.31887,38.81864
0.061707497,226.64203,13.981524,259.7772
54.9234,568.7174,79.48346,599.48047
58.650204,50.911125,81.53137,83.0257
82.56891,140.23077,109.115845,176.49652
120.486206,117.3681,143.20728,152.15991
49.728416,200.80411,74.79651,235.47757
19.10212,429.26547,41.58555,463.24057
90.95479,0.0,113.337326,11.858376
23.817818,81.645966,49.90384,116.84552
