32.059418,0.2183609,59.58777,36.064175
18.408401,331.83484,42.586052,364.7057
114.6234,511.17285,144.1215,550.5735
48.929993,243.2507,73.9899,277.78513
110.04416,385.10846,137.52129,425.7177
22.639463,187.36575,46.62442,219.48978
82.388596,297.32556,105.505264,331.7096
26.981188,486.05145,49.49121,516.1175
57.715546,535.1068,82.55383,566.6771
50.40222,369.0849,73.58005,400.86365
27.362038,71.05997,55.1538,108.57776
0.0,376.94913,14.050264,408.02072
121.98064,11.523121,149.4528,49.170033
28.48954,595.80725,52.857666,627.8556
55.50227,154.4346,79.45885,187.54428
0.0,278.80072,13.729019,308.7718
80.20117,369.9854,104.361725,401.84918
84.08803,564.77716,114.91704,601.70624
81.75983,182.74403,131.79301,223.36205
96.59567,0.0,122.152374,17.503288
58.947983,69.17166,82.734406,105.52655
81.26991,183.1851,110.72888,222.10924
106.174164,180.5809,138.15192,220.47055
