47.92489,289.03427,72.911125,322.38644
82.98766,450.78967,108.64796,482.91217
114.72301,185.40472,140.44862,219.76901
1.745903,0.36748695,26.117323,30.554514
50.265846,440.74887,73.38334,473.74918
119.001114,524.70154,141.32979,556.09753
82.6495,269.02133,106.16509,304.61386
59.278713,25.172571,85.9996,64.071754
22.45635,316.6062,42.889,347.6974
25.932854,526.214,49.29319,558.44446
29.276329,76.39593,53.477882,115.596
59.773895,603.9051,83.45004,637.0135
0.08265114,528.6974,16.829176,558.88196
89.24512,587.6666,112.53522,617.3141
0.0,243.65912,11.678047,280.336
35.156532,0.0,57.004578,10.268906
