46.19571,394.16882,72.47232,427.54224
118.716194,73.64574,146.45917,110.9156
16.318401,439.30396,38.767117,472.472
50.75084,234.83853,78.65793,270.42923
65.21059,2.377716,89.64401,40.467728
116.625,608.0932,144.81094,640.0
111.72392,334.11835,137.55202,370.39594
81.26911,430.6549,104.77387,466.34314
0.0,501.30524,15.216302,533.4322
114.29968,444.92206,137.9776,479.4472
86.34642,90.0367,111.613815,129.48245
0.03730488,217.78506,13.150763,254.28488
0.22893715,595.984,19.937191,630.84656
91.48717,580.2165,116.77782,613.15546
9.729954,601.2408,52.526237,640.0
27.081547,608.2765,53.180622,639.70984
0.0,357.20233,11.188017,388.75983
