84.09872,509.19012,106.48997,539.00275
54.604866,547.1253,79.839836,580.5527
80.97933,394.6853,105.46372,428.8664
19.119656,468.396,42.89853,502.187
53.44964,169.94937,77.1453,207.16458
92.1784,65.67937,121.6282,104.65987
51.429527,445.5606,75.085365,478.05463
0.0,523.11597,16.008474,555.2373
20.980785,168.26793,49.226475,204.72258
15.203262,355.63364,42.940434,392.2037
106.10202,322.2953,132.44406,363.4906
10.610092,256.19232,32.79364,287.3509
114.112686,167.42178,139.54256,202.26782
62.084534,0.0,86.51477,11.281069
81.73372,246.71002,104.85167,283.27075
48.819977,299.61536,74.272224,336.9605
28.579445,630.7182,52.800507,639.9483
