47.600548,338.09332,71.02546,371.21124
81.92279,240.66534,104.93338,273.2531
82.45767,346.83118,104.97864,379.6225
114.3577,492.88702,137.84647,527.896
83.340904,533.348,110.07766,566.45984
19.72419,302.82965,43.217567,333.66083
20.569212,464.88724,44.92807,495.3373
27.54722,67.67074,51.09797,103.57482
114.23683,364.99274,136.28972,398.26593
115.50508,111.85277,145.9777,157.2646
121.57306,604.3004,146.61917,639.7826
55.34015,162.73007,80.669846,200.19998
56.416702,602.97424,81.99519,637.8971
56.183968,491.45404,79.13715,523.8284
92.23074,0.5309181,120.23326,44.280544
28.837116,590.0152,52.755222,621.45
0.0,537.48413,20.153994,578.7998
0.0,266.4388,9.499927,296.77194
