48.533455,354.9551,75.19467,389.86826
0.25668716,617.11475,24.495033,639.89
111.925385,335.9713,138.92339,375.58856
12.5546,346.72122,37.060722,377.8972
115.469055,519.18555,142.10867,554.02124
87.72185,571.74915,112.05974,604.4005
79.07413,246.01419,103.02162,283.14395
55.89102,576.57513,79.13582,605.67865
33.286446,0.0,59.359566,23.332176
112.67659,203.39542,135.73578,238.1926
52.287582,441.34662,75.18979,471.97247
122.49852,50.299767,146.70226,86.66813
23.25666,100.58922,51.146545,140.54881
21.117413,210.91391,45.786694,244.44077
50.481575,158.5434,80.5667,200.73022
77.80178,363.03687,105.08123,399.29175
88.301025,135.74991,111.52228,168.04611
55.854824,52.534817,80.28818,93.35513
126.42566,632.7516,148.81851,639.8971
