18.093136,343.55603,42.181686,376.6599
81.975464,521.41266,108.78549,555.37994
0.0,483.51697,16.18588,531.1312
52.78026,553.35486,80.081116,587.48376
111.83211,240.6206,137.38106,279.45575
116.13635,482.69708,139.85175,515.4255
57.80231,105.069885,82.31641,141.48444
75.30333,317.44116,102.15469,354.90308
58.268524,0.0,86.81912,25.479383
19.119835,197.15263,47.24624,241.5023
0.0,15.865559,21.298496,63.55348
18.91859,425.66556,45.71905,462.20377
29.552706,602.3752,53.159744,631.54083
123.387024,41.02555,147.53723,75.70279
44.20642,400.69562,74.825676,439.91815
91.69823,29.294945,117.39894,67.09873
