18.419743,403.60956,41.24424,434.14453
49.496384,389.63995,74.447784,422.0199
79.13623,318.0877,104.5123,354.90057
1.2385597,0.18022919,28.662334,36.577072
21.791414,252.0911,44.735428,284.67014
27.190405,604.27136,53.795143,639.0034
113.455246,403.69873,137.92407,435.20117
32.68911,26.09641,56.581573,62.10424
0.04724884,571.3912,22.16381,606.7856
116.72589,164.23578,140.83868,197.03381
118.89565,577.8299,143.79953,609.936
23.549475,124.98702,48.962196,162.67514
121.29606,24.868143,145.37259,61.84945
90.874695,104.88937,114.071075,139.05362
54.906597,529.7048,80.019424,559.2172
89.93358,596.3723,114.387634,626.8971
52.450424,80.915955,81.22719,120.67447
