19.599815,320.5454,43.727676,355.0985
114.79208,500.97104,139.79495,535.6151
116.00906,342.58685,139.0161,371.08783
125.007515,0.27314758,152.8778,36.155098
41.989883,239.72754,70.79001,282.26605
80.187485,413.5534,105.19707,447.5771
75.87636,299.69662,104.330215,342.48483
13.819431,586.15796,55.490833,640.0
89.58174,607.8496,114.655106,639.8617
87.353,26.041706,113.58783,61.230145
23.045197,155.10571,47.820175,190.39319
118.95497,129.22614,143.85344,165.62201
52.14688,77.728386,81.91867,117.11849
83.91605,132.52103,113.33404,173.60031
0.3222294,0.0,23.326672,7.433442
