77.71237,339.79913,102.948944,375.9605
53.334175,459.83942,75.92562,491.96088
61.491524,8.872208,86.419716,48.267082
20.925842,448.56476,43.390266,480.91425
108.57878,277.90924,134.2187,314.097
49.49067,229.48654,72.54293,263.48773
57.12461,549.27466,81.14086,581.09705
0.0,553.63525,21.387035,584.9348
0.0,86.17724,19.547493,118.148094
0.0,0.0,29.78391,26.99177
115.22859,490.83765,141.3542,527.43134
15.011318,235.55905,40.735542,268.23947
84.503975,181.67702,110.00768,214.86952
85.6028,494.20233,112.830414,525.15765
89.86473,70.23793,113.21907,101.86357
0.0,132.60162,18.463024,197.16766
23.524288,169.25226,47.063747,199.2298
