19.146782,409.8333,41.688065,440.7514
0.0,534.4436,19.425457,565.7096
45.7063,391.05856,74.34765,433.64554
90.78833,567.974,113.48776,598.00745
59.142796,547.5541,81.33838,576.48425
0.0,113.74826,16.740654,160.85712
82.52822,468.8285,107.61347,503.21985
19.433674,235.24692,42.709583,267.57468
111.17432,430.08395,139.37265,468.93192
27.278559,65.93227,52.09957,105.038345
75.981445,200.89471,106.55167,245.00403
32.97696,626.29895,55.04933,639.7567
61.043243,21.495789,86.112564,55.476433
56.134254,142.1586,78.04919,179.60776
90.9247,2.7563095,117.478134,44.8796
123.22225,10.322002,150.24783,48.95386
