115.42929,283.5838,138.61258,317.50262
74.33501,265.10516,102.64827,307.7083
2.1536942,12.888279,24.884596,48.028362
22.076653,364.91687,47.110703,400.64917
5.0221786,209.14944,48.594902,272.36508
40.650764,405.9583,77.01205,463.55792
62.275085,610.9259,85.42532,639.50964
26.558584,32.53576,52.103416,68.092575
84.0938,426.5816,106.26299,456.70325
88.51832,101.36708,113.07099,137.84026
32.534615,563.9163,55.830086,595.5839
117.374435,110.387054,142.74608,147.8132
0.0,535.584,15.578905,564.9523
39.81333,404.9996,74.144516,428.5776
