0.24599648,123.08963,27.20757,164.60757
18.694729,360.36163,41.87386,392.70782
114.35765,419.37012,140.2207,452.86353
80.33368,339.1244,103.717316,372.21863
27.207703,27.62411,57.027374,74.37801
51.469536,566.7772,81.775856,605.5409
114.29495,149.52478,136.5516,185.03754
52.015465,163.5668,78.24645,204.02249
20.133755,258.15512,45.27695,291.6163
27.576183,533.19824,51.89519,563.69995
0.14532661,539.63434,22.721659,579.5496
0.0,455.40866,14.085344,486.29373
92.67821,482.83478,121.09032,517.4784
61.095795,0.0,89.5654,19.790037
90.663055,69.467445,114.71164,108.13325
52.526474,432.8896,76.59718,467.57477
