115.9941,153.50522,143.90701,192.14023
16.351173,277.6352,43.134666,312.98102
0.075737,83.25151,21.497818,115.71033
82.796616,462.03168,107.42,490.8296
44.95929,337.75568,72.944336,378.6443
115.37854,486.76654,139.77327,520.80347
80.87921,366.07208,104.47833,400.3249
0.0,195.24721,15.230333,229.72755
58.52394,583.7982,82.7657,616.08777
87.92757,548.12335,111.54848,581.2255
0.0,595.57556,20.112713,624.6415
18.97704,406.95074,42.241516,439.0932
85.75545,273.24786,108.87547,305.39227
89.6492,624.3613,115.12697,639.9553
121.48612,571.6448,143.80911,601.36646
52.01236,486.61395,78.41556,523.83563
26.406118,475.13483,48.154655,504.72076
58.553947,99.82562,82.65566,134.29993
91.55934,62.174286,116.64873,95.55328
126.778595,33.217377,150.3464,68.309074
28.684723,51.55448,55.002586,88.053566
5.2570057,0.033477306,27.557695,6.2700014
0.0,366.18646,10.712431,399.18475
