19.23909,183.05127,44.366207,218.21484
121.85908,0.010150909,151.94556,39.14774
35.03224,236.14708,69.499466,281.73315
17.57631,322.27875,43.20072,361.3128
100.60031,376.29315,125.350525,410.07196
78.6454,281.89893,103.655014,316.8109
16.970776,483.38702,47.01952,526.47455
80.69091,173.77753,104.098656,207.89764
58.06234,97.267426,80.272224,127.97693
92.13512,497.19955,134.04805,547.6542
0.11151314,528.7107,15.692928,559.3269
87.42041,57.214813,112.31735,92.17441
56.318756,567.8004,82.097824,604.4064
91.08377,497.86456,131.638,534.0467
