0.0,555.3425,19.026932,585.94446
112.74194,493.98474,138.94016,532.5774
25.313673,435.99844,49.12326,467.31717
79.77811,395.72644,104.18764,429.17432
123.98584,64.71037,147.1525,96.57335
50.039375,347.7612,74.527885,380.1815
111.292725,227.72974,135.58005,261.5889
20.862469,211.83118,45.60825,247.21216
51.022827,262.38354,72.64303,293.09167
28.565445,1.8625832,55.00329,38.03299
87.49606,70.16029,113.019455,110.5385
115.96259,139.69952,140.15149,177.76715
19.517303,344.0027,42.69633,375.0464
13.405841,281.71246,39.04253,315.3487
26.019186,516.1283,49.890343,545.3021
0.0,112.607574,14.69615,150.44046
77.45613,301.7536,105.02669,335.64117
86.318924,515.7999,110.30252,544.4093
47.76277,423.36716,73.45115,455.5712
20.241919,127.17315,48.548897,167.35547
57.121876,614.99146,82.38893,639.9988
85.09595,157.35475,109.44977,191.84068
53.649208,167.57677,81.22874,205.5124
53.742283,523.4514,79.363556,555.32605
0.0,199.95224,11.8373165,229.40213
