115.56824,514.17706,139.22319,545.44354
19.185833,389.28876,43.110554,421.62823
0.04342842,571.70483,23.045887,628.1553
54.91741,479.2213,76.6625,507.97186
48.98343,315.81616,72.04119,351.29565
19.935684,254.2362,42.541275,284.48358
0.48311234,54.199398,25.01918,86.65958
25.281761,576.4679,54.19835,610.1561
108.645996,293.6444,132.20248,330.88306
88.82663,581.795,113.98996,615.93646
83.16789,290.53134,107.267075,321.3928
116.20444,208.08029,138.8503,239.65347
25.947191,112.07382,48.938797,144.97827
0.0,129.32596,14.2667885,165.85367
84.35327,157.89711,109.29883,190.4745
122.273926,71.576935,146.47159,108.84213
90.30194,0.0,116.696106,19.828949
0.54483414,572.5796,51.45301,627.6809
49.846535,170.08551,74.7826,204.63745
32.261677,0.028072357,58.52625,23.901665
83.58124,104.10481,108.39017,137.2165
26.474525,40.808487,49.7807,74.81384
119.048164,108.313324,144.18396,142.30292
126.601425,30.218819,150.84685,66.84859
59.830902,30.247282,84.242645,65.10243
113.32408,146.73317,136.74512,180.71498
