18.611988,452.70728,41.718437,483.96448
112.94339,330.87213,136.47504,362.93555
123.463066,609.1561,149.31372,640.0
0.0515728,69.60925,16.665743,102.84717
48.919632,372.77667,74.768425,405.4245
111.08855,430.9619,139.39381,467.11975
83.9352,368.2801,106.3841,399.67224
0.029649734,403.04575,14.764732,435.39896
19.172718,304.22165,42.722687,338.94235
54.42171,516.2075,78.73988,548.3081
0.40447044,563.6013,23.746477,593.45776
28.482597,577.73444,52.920326,604.3018
84.39249,509.09607,112.416046,545.27576
122.247116,91.106705,147.77507,129.1782
87.885185,574.60425,112.57433,608.626
78.58574,235.90564,103.853485,271.78033
28.643122,9.635647,55.44819,44.91165
108.95793,191.08371,137.41606,228.72989
51.412056,185.33958,76.26017,219.2513
27.182745,93.82358,51.67733,128.05716
58.706947,71.85187,82.60375,107.77933
118.681915,23.62439,147.60504,63.584503
24.182081,171.34656,48.39453,204.6914
91.057816,39.24549,118.094894,77.26866
48.078804,247.01807,73.534935,281.30762
61.36283,0.0,87.3413,25.51312
