112.414276,223.26453,140.09854,263.10876
81.80795,473.2824,108.43143,508.23468
81.48767,282.68787,105.34369,316.29767
46.827477,219.2467,75.63902,263.78937
119.005066,528.2156,142.54532,557.6892
29.166893,36.462723,54.628716,72.47206
83.70169,388.49792,106.50491,420.39606
24.195457,459.5923,47.22003,489.92474
0.013092041,16.972395,21.899418,57.11107
19.916222,212.23445,43.502106,244.99794
0.021356583,154.01694,16.033457,192.10416
51.80272,492.72504,75.70564,524.8687
53.021652,383.43036,76.58032,414.98676
78.0397,627.7014,108.29016,639.85645
92.28441,0.0,119.30693,11.657292
0.0,369.0473,10.284211,401.91693
