21.25401,465.47217,45.045246,497.6584
77.77446,359.496,104.72066,394.7059
53.705067,475.66193,76.33528,506.12933
0.0,0.09478378,29.16607,43.763954
58.311775,565.20056,82.25771,596.5936
0.06949043,568.3421,22.620289,600.0529
48.90383,249.3812,71.76739,282.03506
109.42749,298.86865,132.90594,335.76575
59.679657,32.819374,84.93248,71.2597
116.28652,508.59375,142.41495,546.0553
0.08503342,102.10826,17.315147,133.68336
83.93346,202.05597,107.65964,235.40778
88.90558,90.4801,111.43298,121.9198
85.873566,513.3115,112.00821,543.67554
23.617165,187.48398,46.830513,219.82553
14.467038,255.74799,39.91396,288.50665
0.0,148.42072,17.146069,213.55847
0.0,436.3026,12.295067,465.9953
