48.136833,256.95074,72.264465,293.29193
80.547554,513.78754,106.47379,544.5882
28.367771,66.69301,52.841747,104.08223
74.8235,291.3188,103.27025,327.16876
110.6308,371.60712,133.8412,402.4762
0.11168575,449.73975,15.313267,480.7433
115.467636,188.6015,139.84816,224.97116
0.27040672,619.2957,23.880625,639.80133
51.51568,563.14966,77.27859,593.88403
26.6372,587.1261,54.84642,621.0856
116.4427,500.00604,140.96422,533.9604
119.173004,584.8842,145.39844,616.9533
65.82658,46.926884,90.50834,83.575836
16.015816,135.93344,44.411377,180.07092
14.567177,288.63153,39.3925,321.57587
