16.024025,274.7815,40.582108,310.3994
49.93567,292.34903,73.94879,324.29874
109.91197,296.26202,137.81741,338.32373
16.341892,196.79956,42.71759,234.88965
32.186302,0.036060333,56.466988,17.517942
78.49634,263.9158,104.649994,299.52615
83.431,405.64966,106.1655,436.9933
117.05957,502.64688,140.39325,532.4249
47.352867,222.01984,73.9446,256.7981
123.46103,23.845652,148.81729,61.45594
91.02052,10.6258545,116.25554,44.62227
115.29115,159.45352,139.17943,198.1
0.08389473,594.8601,18.14488,629.3508
20.238043,124.5605,47.45057,159.31596
61.22377,19.514832,88.05466,55.908134
57.739594,524.52094,82.905,560.2963
24.880781,541.626,52.216476,581.7388
52.553482,132.40775,79.023224,166.96848
88.715576,64.52287,113.32959,102.632034
34.754326,402.92276,72.34261,457.79337
27.984898,378.73193,49.304157,410.43164
85.618454,562.38074,112.7744,598.7384
57.850113,592.79126,84.467896,630.73926
84.14105,497.58575,109.794525,529.16254
0.050127983,436.77368,12.732677,469.19995
0.0,494.91364,14.863645,534.9936
82.68968,131.5335,109.54236,168.03328
0.0,244.74786,11.882416,277.1855
