0.85222435,6.22126,25.331839,47.167816
77.94469,388.802,104.86711,423.9582
109.182785,219.51001,136.91748,257.94055
82.663895,495.08954,108.41707,528.4494
19.756968,448.06116,44.892784,479.68677
120.66139,569.2201,143.7317,598.43884
56.83207,579.2601,79.640465,610.675
0.100479126,180.73044,15.27589,216.12753
122.49935,74.71805,147.20016,112.4644
44.269836,459.79865,75.4627,499.39618
50.49743,165.89731,79.71717,211.48654
91.624985,72.479034,115.16945,103.91232
60.270584,45.69159,86.66817,83.56816
0.0,350.40558,9.579916,383.4084
21.693508,181.6228,50.695538,222.95087
22.098442,179.6716,69.72527,222.90396
