114.29118,186.00635,140.05312,222.1579
81.61326,201.6094,105.98528,239.2757
118.84068,545.2523,143.61617,577.9496
50.439568,493.2135,76.70467,525.4867
50.015694,342.48886,75.63414,377.3005
113.40028,433.19202,138.24977,466.7351
57.833824,116.39961,82.668495,153.21828
84.17844,525.2821,108.97392,560.4407
0.04595375,584.08057,21.329992,613.75073
20.255257,520.45917,43.851433,552.4775
121.50338,65.145676,147.52957,101.22603
26.559818,0.0,55.531544,27.31591
0.0,449.12192,13.052986,477.66806
58.807377,0.0,86.84253,25.746052
0.0,313.6369,11.876585,348.54547
