19.261559,20.892853,55.456932,73.89503
18.038345,374.05377,44.694,415.9936
50.85588,437.9048,75.24899,469.31787
113.89171,465.28632,141.631,504.59027
84.82049,571.7258,111.61024,604.1201
20.499233,496.23572,44.66686,529.94434
81.10762,411.28363,104.33772,439.8338
112.44417,355.1204,135.78993,387.3184
12.344193,306.57684,40.489983,341.0921
74.928055,213.9354,107.123245,267.2447
49.41889,291.735,72.556175,326.67627
119.93684,536.9332,144.97809,569.7975
0.12939453,595.0291,22.493748,625.42926
24.503456,124.8967,53.650085,167.71631
52.23799,503.2138,75.61827,535.4212
49.355576,191.66782,77.65509,233.21213
90.99907,75.01809,114.63524,109.67104
88.18594,0.0,114.73639,19.72678
56.744854,81.04106,81.00572,118.92378
0.119568825,156.368,13.828917,193.61772
