0.05952072,463.46423,20.8446,496.36694
113.635086,345.88928,136.69026,377.96826
81.448906,231.53699,105.547264,267.92123
116.54198,189.11966,140.30229,222.66623
11.197853,529.006,50.25387,582.86914
84.190315,444.2594,110.10827,477.59656
43.430687,380.33658,67.7701,413.9797
123.924866,597.0932,148.06528,628.1469
35.05163,33.282814,63.023506,72.76577
90.12371,574.0638,112.75843,605.21405
74.956085,345.59003,103.507965,383.7613
48.291046,208.38098,71.822624,242.05481
0.01666069,121.17728,16.914232,156.14172
58.22345,558.27167,83.88066,596.3953
26.74432,149.69005,48.86646,183.27461
63.10093,0.0,89.846596,21.017773
