52.020073,391.22534,74.18333,420.19482
115.34627,451.83112,139.19145,480.65753
79.91762,356.11975,103.17641,390.15137
72.714294,507.6267,100.13428,539.7604
112.44208,324.85223,136.54651,361.45624
51.59697,243.53343,75.609436,276.42493
52.183693,158.21158,82.46873,195.37668
0.0,20.610739,21.12667,69.13827
59.49051,602.59814,82.2119,633.3286
0.0,449.94052,15.616726,484.36227
117.15032,138.70883,144.89508,181.03049
123.29277,0.121852875,149.52678,37.210724
20.601727,166.75143,43.57297,197.15549
29.693434,20.217333,56.398743,56.6575
89.93593,39.738327,115.43335,80.358185
61.015884,0.0,88.067474,13.065915
2.3236237,267.11206,44.570045,297.74915
