43.70826,331.59598,67.41373,364.58066
116.88013,540.4353,140.74774,572.5503
79.23953,460.09247,103.71701,493.05988
113.627014,255.38177,137.96707,290.7444
58.508793,51.45737,84.04501,91.829956
113.3517,421.42712,139.9106,453.5105
77.14557,270.0929,100.76718,305.23505
20.092358,262.30603,43.71086,295.60687
50.1127,185.02203,74.73726,218.24344
24.72789,497.2126,50.053123,530.2553
0.019464493,107.43117,18.846216,145.87465
75.33798,383.63916,101.772644,417.3069
93.39484,22.436188,117.27606,55.54798
0.0,500.83734,15.461842,535.9472
123.78931,602.89746,148.53787,637.2461
31.183498,20.069511,56.44315,56.694763
88.85614,580.178,114.624054,613.12964
125.5205,3.7492752,151.32129,40.14504
120.26709,98.70137,144.74915,133.67006
0.08521557,369.49207,13.667712,400.38953
50.495216,413.92828,73.98014,448.52704
21.779364,159.91554,46.763313,192.82146
52.708603,500.17767,77.78117,533.4355
10.720474,416.136,43.908005,454.92297
79.49788,162.67679,107.46004,200.70773
0.07638168,434.9579,17.802391,466.4265
0.0039634705,196.22903,11.095345,229.35367
