0.0,463.1074,20.428892,493.71817
83.2981,488.8982,105.68655,517.6239
49.667786,486.73474,74.721146,519.5521
19.607222,412.88885,44.457764,447.7433
116.67414,478.74054,140.20355,511.47052
50.980095,269.62384,74.21047,303.96075
114.25821,342.80072,138.19221,375.8662
125.169876,588.82886,148.51994,619.80005
55.722446,116.01123,80.05121,152.98679
87.45531,576.62976,112.21852,607.78625
79.80999,384.143,103.31248,417.67047
112.599594,169.92888,138.99617,207.91353
54.829765,0.0,79.72097,12.397771
83.3423,148.38933,109.72276,185.3741
20.623816,253.6175,46.149437,287.85168
0.0032157898,600.88947,20.918438,632.4621
26.090683,156.52942,49.195885,193.6907
27.111422,588.0952,52.35785,624.5376
0.10557461,161.57538,13.634936,194.46689
0.0,344.0609,10.128996,376.00085
