80.314026,216.785,104.10321,251.99167
28.267971,267.69373,52.157978,299.8955
108.88864,391.63824,133.72958,422.76337
0.0,129.61255,17.975529,172.7182
56.657257,501.57178,80.167755,533.2914
27.541471,61.58839,52.565567,99.88231
25.500671,538.45667,48.04962,568.8158
84.27424,565.94366,114.40366,604.53375
118.8259,123.78913,143.84137,162.98096
121.499084,587.28235,147.0445,619.5426
58.261772,561.42725,80.82227,588.8584
22.175745,163.53967,47.765892,198.69476
125.64961,0.0,151.59807,28.571215
56.465633,148.67422,80.16821,176.25937
59.659546,13.162182,84.40265,49.435413
90.5474,76.72545,116.46636,109.705
0.0,403.13144,10.389641,432.6166
