115.45354,346.0395,138.55153,376.41083
107.6539,281.24835,136.63782,321.75897
80.52031,452.25412,106.906265,484.66306
117.96073,540.03687,143.81265,570.0283
117.89196,89.527405,147.2467,132.47232
21.066856,137.05038,48.89512,174.9064
115.601746,465.3333,140.44415,496.97083
0.16226578,536.4701,18.594948,568.5177
59.212997,9.357975,85.52298,48.127285
26.814768,564.9918,51.671898,598.6167
77.148285,299.4092,105.75345,339.1664
18.711018,364.78613,42.347435,396.93427
59.31269,616.9731,83.602104,639.9244
0.074380875,490.9616,16.123842,519.62225
78.04306,360.34937,105.32718,395.05334
47.67791,356.1693,75.74782,392.18933
20.33477,422.14783,43.571533,455.3888
117.5452,156.25046,141.66553,189.33475
58.69404,546.402,82.67805,577.68005
87.76239,592.2988,115.19101,639.365
46.937004,238.57538,72.8451,275.89893
86.91205,71.42108,112.81839,110.63971
118.76344,201.20786,142.381,233.7348
84.6471,537.79724,109.96842,569.2352
0.1755352,19.96286,31.64773,92.54024
24.10479,468.73526,48.270973,500.13028
19.067253,244.09454,42.42369,277.9604
16.956604,293.7572,42.253006,325.31104
83.68591,407.78772,106.45575,439.33032
0.0,341.4785,12.012203,379.5289
0.01188755,260.68134,13.495334,300.90985
49.18213,303.93396,74.55507,341.90686
