50.972404,214.85764,74.10154,246.00797
0.112630844,595.49133,20.858408,626.89294
27.011124,555.9785,49.670464,586.87695
87.93735,523.27405,111.67691,554.33105
70.12094,260.44568,96.3685,295.22937
81.08675,409.1136,107.04442,448.5349
0.0,11.425034,22.85596,50.188675
119.11862,559.0711,141.9271,587.4007
83.87471,193.2055,108.04437,228.52203
108.53319,358.6618,136.81181,397.7354
123.79039,0.032928467,151.1501,38.4311
43.87475,350.14667,67.99873,383.08136
51.50181,486.57104,76.29658,519.9243
21.398952,177.39664,44.90021,210.78671
30.842804,42.58146,56.10441,75.968094
0.0,179.72638,13.99065,213.45654
0.0,319.13065,13.204718,352.0616
0.0,407.75122,11.140807,438.4519
