30.903717,0.17410278,56.769684,37.242844
22.789995,351.2327,44.25293,381.0823
82.677155,200.60114,105.57541,235.51355
111.303345,346.7468,137.13431,380.61807
55.479088,559.60345,80.54551,594.1529
78.97516,337.06476,104.058624,375.58594
20.00148,128.80861,45.225357,159.90327
0.026638031,29.332825,22.470562,61.391624
84.101494,451.9027,107.79958,483.8689
90.404495,597.2891,116.02426,630.60516
46.956985,233.552,69.96007,265.91797
22.853838,267.70178,44.529037,296.83923
115.04022,124.208664,142.65192,166.04012
112.80653,419.6479,140.16484,452.0926
46.59984,365.09,74.679016,404.92734
21.357147,438.80585,47.478935,468.99078
116.90373,549.3379,143.71483,583.636
0.030277252,595.67096,21.474812,624.39215
41.989113,460.00385,68.59034,493.096
89.73104,48.80654,114.49641,85.91198
54.884075,108.14137,80.810135,143.67465
0.0,451.72873,11.76808,479.66873
