116.491035,530.2924,141.60614,564.7779
75.36459,247.41449,101.507904,283.87213
22.46902,472.38544,47.669086,504.0271
45.492188,289.82312,72.06744,327.3374
2.7322521,539.66644,28.060608,572.63885
87.96771,15.506378,118.06305,58.543602
53.30296,435.5929,74.91148,463.56177
115.120804,222.6113,138.30205,255.55536
49.281418,109.000374,80.2433,154.88245
116.30659,417.42688,140.82086,450.58167
18.766296,338.20935,41.422104,368.0935
0.0,454.32825,15.260914,493.21735
27.313204,56.51436,53.688065,95.8273
0.0,265.846,14.030465,316.464
86.18999,503.16232,111.02922,532.3906
59.31102,561.0436,81.89972,588.39124
20.587093,147.76196,48.46217,189.29181
