123.163864,3.6700897,152.62169,44.498848
114.292984,492.05054,140.25606,525.75574
54.32057,168.37204,78.78,202.92947
21.777164,473.72095,49.0077,511.537
26.217148,318.01184,74.4742,389.92346
36.445145,424.2456,60.943214,455.63837
1.3065567,219.69269,47.534645,281.86346
28.933615,564.65894,52.985237,593.9944
35.21721,110.58728,58.78251,148.2106
82.52847,435.20306,106.03961,463.0551
86.39689,523.3938,110.368706,557.01196
82.82706,248.63663,107.95213,286.0378
88.90018,125.75258,111.34732,157.95119
114.360214,422.28418,140.274,451.55225
86.42237,604.3146,115.742714,640.0
58.569332,547.9349,82.06113,579.5944
58.403255,37.70288,85.21506,75.05469
55.00245,482.02014,78.111,513.1372
31.20955,24.328663,58.17195,59.94234
125.00989,619.0215,150.1506,639.8037
111.65343,238.25082,138.48149,275.65634
0.034888268,556.1327,14.018475,585.11316
0.22505188,0.0,20.615246,6.6423655
