18.012981,403.63324,43.261547,436.49298
110.03177,371.24667,137.29193,410.72964
115.165436,506.87946,138.97675,537.1545
113.15024,227.31049,138.25702,265.39105
118.38071,608.08435,145.77844,640.0
24.673246,496.37238,46.784927,524.10443
0.23104286,82.66495,23.478859,116.11983
78.1749,398.91534,103.73152,432.67377
32.87847,618.5257,56.449196,639.79205
54.985264,507.6269,78.348145,539.18695
117.60128,30.251587,146.32584,72.23871
86.76588,563.9614,109.1482,592.39404
84.98612,179.36484,110.34283,217.01752
0.0,144.93724,16.519402,182.36516
92.849045,5.608883,119.23421,42.570606
35.243103,159.11841,64.43473,197.0329
28.203968,58.08224,51.997578,91.18933
61.623867,5.5856705,86.18002,42.000633
0.0,354.65848,11.697468,386.14597
