82.025604,465.61905,105.94937,500.8262
112.17207,371.18976,137.42842,404.8188
0.0,531.55493,17.322147,562.5703
51.251472,275.39368,76.464035,308.5393
115.89731,481.9032,139.6539,515.242
116.56128,114.79303,144.29901,152.7619
48.68199,431.24738,72.934944,464.28644
83.79764,131.53268,108.777756,169.76428
95.21149,612.34674,118.620346,639.92804
0.08207703,625.59534,21.457127,639.819
17.667522,468.96704,41.883938,502.9397
125.60904,0.11526489,152.72064,31.458279
61.856483,43.213158,87.92123,82.782616
0.0,251.99908,11.418219,289.27307
0.0,391.93585,11.117886,420.56952
