118.686035,541.9492,142.55487,572.17236
82.93523,160.78935,107.74223,194.94395
86.40715,530.9529,110.16728,562.9927
75.7285,306.04132,102.53685,343.90277
0.0,577.73724,19.480656,603.05804
21.293839,467.8208,45.318985,497.60303
114.26759,377.3163,138.98497,409.87845
23.081003,116.65545,47.78727,150.70569
31.02286,624.2178,54.91481,639.8224
59.002605,56.46358,85.36366,93.36232
0.25951385,0.03278351,26.94114,18.793297
22.546612,260.6598,46.205776,293.1814
0.29243088,176.96921,13.7267065,219.254
43.77916,284.61414,73.196335,326.4308
62.304558,397.3515,87.083336,429.04327
99.355606,0.0,120.23949,10.274706
126.51268,0.088321686,153.30904,32.43626
0.0,277.8861,11.059273,311.55078
