112.84567,360.9095,135.95636,394.25128
51.106354,324.7964,74.368454,355.41797
13.5576515,391.797,42.16836,429.86902
91.770004,542.33386,115.35872,573.6669
0.0,458.12732,16.485723,494.07507
83.27884,443.46014,107.4444,476.66083
82.92964,208.69327,105.4164,241.24207
21.87825,233.38397,47.277496,269.12366
115.66133,157.401,139.80885,189.90768
55.107124,110.21845,79.51026,146.56189
29.269712,601.2892,54.90387,632.6671
0.090880394,306.79388,14.702987,339.2619
0.29019833,171.1954,15.650783,208.15964
52.540535,510.90283,79.10627,547.11316
127.41505,0.0,152.42694,24.23884
72.75729,0.0,96.816345,8.06131
