115.93998,460.78064,140.40561,498.03705
17.766136,426.63623,45.07302,465.02136
50.047546,356.68854,73.422424,389.2182
25.512577,558.5098,50.49516,589.78485
26.673046,72.62569,49.957195,108.28557
58.944546,58.891876,83.29233,94.37439
115.080246,285.81976,137.77715,317.9063
125.536865,0.34685898,151.53922,33.591766
21.57082,218.10992,47.223965,252.844
83.9106,542.8772,111.779495,577.4678
47.037743,243.32405,74.01643,284.5876
78.576645,290.12317,102.190475,322.17224
117.36655,132.38979,143.69547,170.73659
86.357864,162.6798,112.27106,197.09032
0.0,125.54874,14.056396,158.35324
55.666405,619.0951,84.91978,640.0
96.666245,0.0,116.216446,6.741372
