18.844788,327.76166,43.75438,360.88208
52.083702,358.8438,75.50384,388.7398
0.07157326,570.84753,20.943089,622.9199
51.711227,460.24506,74.70142,491.29327
19.736855,233.38422,43.967957,267.12933
0.0,142.64545,19.729462,183.83185
22.14582,446.82922,44.327255,478.5691
89.87036,27.920532,115.74002,68.11601
123.02895,547.0687,147.9479,581.4049
85.77486,536.22906,110.378494,570.18536
113.47122,202.38202,137.21251,235.90417
108.85173,422.42194,135.40077,456.909
62.875336,622.1501,87.15164,639.89435
52.383953,183.49547,77.77037,219.18471
28.075035,138.68436,51.08133,169.63516
82.85045,166.4918,107.89543,202.04799
59.39481,19.041584,88.39807,59.34711
117.05348,101.62544,143.35094,137.68196
58.14885,520.36597,81.35823,550.70654
