14.724037,386.662,37.239235,416.6953
19.849579,243.79036,43.65751,278.83783
51.523453,440.7777,74.113174,472.9922
83.92692,507.1601,110.054756,540.3868
0.0,489.69965,19.526142,520.6253
50.08081,308.17148,74.877625,341.38004
80.82959,444.61365,108.79849,481.5022
114.472946,275.8022,138.55704,307.62628
83.21946,300.0094,106.371925,331.12085
86.83827,584.806,111.96582,615.49695
26.462173,497.2743,48.022133,523.9512
108.25847,364.75745,136.49129,402.1087
119.03649,538.2229,144.38702,570.31055
28.893011,608.6074,54.872902,639.9968
28.44189,25.783806,54.45151,59.93
59.979942,0.081279755,87.66819,31.726189
56.536777,563.25397,80.869446,598.1999
125.642975,24.167475,151.21463,63.46969
54.924477,128.92677,80.86547,162.40599
0.0,326.7887,13.462118,357.8192
82.682755,154.92351,106.91362,192.49373
113.01878,130.82985,139.19458,167.33427
125.54923,626.8502,149.12784,639.92883
22.658958,182.02911,48.417168,214.39099
0.2238636,0.0,21.224344,12.760618
27.233702,110.24519,50.006012,144.76616
50.176636,191.1748,76.28745,225.82666
