112.90202,386.78387,137.96992,422.65424
80.54461,355.3053,107.254295,390.92285
113.01816,299.44727,137.5664,331.73657
17.692673,398.79828,46.90164,435.2268
17.916859,283.05072,42.68341,323.34882
0.088178635,498.67267,18.194147,531.29095
82.81375,427.63922,106.20274,460.35345
26.410683,50.401577,53.21012,87.57791
25.220413,569.4575,51.80758,604.3502
83.990814,533.0574,112.53601,572.0154
49.889977,454.6098,76.61066,489.08307
114.826256,452.7499,142.69656,493.5726
121.055374,523.48267,142.81657,551.39307
117.67254,133.78273,145.53406,173.9311
47.909126,330.24622,71.54334,362.46887
60.95983,44.078712,84.91338,77.595924
17.549103,141.7142,51.127632,188.3071
0.0,606.43726,20.860264,637.33765
58.231712,562.1915,81.27784,594.82825
123.939896,593.0044,148.72789,623.876
0.023788452,186.09064,13.999115,228.6112
77.44173,223.02771,104.933914,262.79068
92.89293,5.6167984,119.44736,39.90999
87.046646,115.17444,111.26927,147.38501
21.178413,480.13196,44.37271,512.4198
60.700317,0.0,85.62639,11.286763
21.261356,233.07446,45.16881,265.9618
121.7103,0.20014,147.96606,30.289877
92.36606,609.3231,117.001434,639.71814
54.21242,210.12108,77.495865,243.35951
53.775337,144.12344,80.15063,178.58792
