18.979229,324.96594,44.896843,364.56604
29.174843,0.1553402,60.440224,26.756516
75.80943,377.8193,105.01131,414.56387
113.9445,428.65152,137.28665,459.58597
76.0203,266.66876,104.84118,308.72284
121.97717,3.3371658,145.96927,39.816902
17.48941,252.32631,41.414597,285.69495
55.90753,617.1028,84.29947,639.89404
1.1788559,624.3819,26.119225,639.9028
25.46666,470.02515,50.2697,502.3443
122.35714,98.04942,146.10477,130.66042
50.33909,259.62222,74.05183,291.77676
42.440575,517.84766,70.74805,550.0226
22.104055,134.83188,51.173897,172.17157
0.06264305,418.1598,15.771665,468.31995
54.232517,129.12222,79.074554,161.92917
87.83857,118.27977,111.291115,152.51155
0.0,504.00037,20.233852,526.82654
