20.91727,265.58868,47.686947,305.1313
19.56939,372.43198,43.07344,403.5895
50.565018,219.16733,73.78409,252.12436
0.0,530.2572,18.58916,564.1576
27.568321,527.1827,51.151672,556.29706
115.74422,384.6232,139.09569,416.57083
78.04734,391.48724,106.28205,427.72247
112.304855,261.26526,137.78593,295.65955
116.731964,495.89484,142.68286,527.4827
80.80641,311.2088,103.99226,346.4472
48.25358,296.35675,71.834206,328.6942
86.72,541.49023,110.4874,571.14233
52.741768,473.42816,76.29035,505.95624
16.645178,0.40063477,57.07508,66.287186
52.66443,361.3649,76.08646,394.07254
96.46854,0.0,121.714325,24.053429
118.57087,186.52502,141.29248,217.699
83.53273,203.40088,107.741135,232.59656
55.43222,587.0806,84.12544,622.2493
123.04198,0.0,150.52617,13.62353
