112.31662,264.4168,137.1637,301.96002
19.388115,289.75623,42.3863,322.6891
34.109642,555.49866,56.435165,586.35803
0.04576683,405.52972,15.177353,436.27295
77.08411,331.71948,107.1647,374.88464
112.494675,445.8004,140.63448,481.3329
0.0,547.08093,19.196636,577.16516
83.10004,459.9052,107.618866,493.08942
49.36448,427.7751,74.176186,462.10663
51.619102,608.3456,83.42983,640.0
121.02959,583.9276,144.00261,615.82214
27.335716,128.13852,52.451813,159.89166
21.025284,457.7317,44.363853,487.54822
88.52327,31.470085,116.4044,74.53049
117.49667,80.64485,145.28748,118.8192
56.62477,79.35301,80.65767,114.84732
0.0,291.69806,10.842991,322.74518
