19.643421,304.64795,42.720783,339.57605
0.2981491,67.862656,24.607857,115.67786
0.0,493.50848,16.443901,523.4065
110.8674,383.31732,138.02544,429.2326
0.07096863,594.659,18.58844,628.6683
50.61763,466.69284,75.451614,501.53555
19.303192,408.71835,42.516243,442.1898
82.63202,332.5218,106.15692,368.21625
84.11287,461.92325,108.104614,495.93253
83.264404,267.38522,106.83655,303.86172
47.11522,380.85703,73.16049,419.7446
18.26403,182.49667,47.535072,227.16684
53.58487,53.830788,84.03728,100.80294
58.28769,622.19836,82.96152,639.8971
113.378555,166.14761,139.01738,208.84991
54.507378,176.79703,87.40093,213.8569
29.35161,48.63938,53.30684,82.044014
53.988003,164.14764,108.37833,212.62201
