84.70773,570.479,113.98624,607.04565
81.90146,211.2804,106.37128,245.67288
50.780434,459.10492,74.69374,491.65594
111.93475,175.07118,139.92682,214.34889
111.81491,275.53674,135.73639,309.34875
58.293434,129.53638,83.25959,167.38666
115.00562,500.11392,142.71881,533.4264
42.99476,267.31464,72.91455,308.47412
48.449806,379.99747,72.43421,410.41904
28.418434,601.0456,54.454613,632.4704
21.269724,440.92395,43.60125,469.60815
123.30742,22.8945,149.43895,61.349846
0.5416889,626.635,25.422615,639.7788
60.726868,27.610352,87.103836,68.766685
17.591194,244.36433,42.270187,278.73297
19.16632,364.80798,43.63043,397.67188
84.25629,432.23822,107.88452,463.7785
0.051259995,356.70166,14.661033,397.7323
75.24515,284.68518,100.82535,319.72644
17.060566,7.3889236,60.09428,83.47081
