90.27698,601.1272,114.546936,633.9479
110.80258,322.92535,136.9532,360.1823
21.290365,177.1542,49.147743,213.16977
50.302162,342.6008,73.01192,374.1348
80.39227,403.4159,105.97676,440.04022
79.14115,270.1075,104.79177,306.16617
49.754486,233.87756,74.55473,268.45255
27.170074,56.797646,51.63295,93.20023
0.009710312,466.86853,18.050362,502.46692
0.10154724,167.35245,15.558077,208.8852
0.21053696,561.1842,23.112,592.2456
114.23544,455.0161,137.70099,487.9104
121.99904,45.425262,147.73384,85.933105
51.426224,118.3804,78.96904,158.68082
128.08812,0.0,146.18816,6.46486
19.08036,415.06293,57.36271,450.6947
117.3659,162.92664,143.35773,196.76917
35.545624,442.39453,78.33722,514.67126
26.77791,514.8904,48.528442,543.99854
86.773026,107.50252,111.34335,140.94112
18.87323,414.52957,46.601555,451.25174
0.0,361.6167,12.077093,399.12842
