57.2537,608.8789,85.54496,640.0
69.22432,243.57388,98.38869,285.2346
47.63543,197.12717,73.77666,235.72787
78.65234,358.55765,105.85646,395.33255
0.17597198,0.35259628,25.411327,62.007626
16.004627,245.86392,39.87678,276.99423
54.355732,467.2904,77.79805,499.54016
0.024067879,148.87009,15.4302,183.37851
121.64821,82.848206,146.7151,118.24194
109.45917,256.80786,134.17133,287.3109
84.21936,550.1555,113.57396,590.48584
91.65704,20.788338,116.359314,55.390793
28.669607,562.55493,52.144936,592.9739
83.68257,142.90837,108.88704,177.08138
28.805328,46.64796,54.870476,84.091385
14.268822,441.39435,46.514267,490.20215
126.77076,0.17351532,151.99359,29.712307
0.08902359,630.9575,20.401882,639.9077
