81.48236,361.5949,105.48996,395.5019
108.24017,217.22101,138.52448,256.3036
25.243225,132.28397,50.121246,167.62769
0.14343643,574.4893,22.370396,605.78217
49.93074,408.09888,72.30861,438.7533
59.148746,19.120525,85.34625,55.951633
26.599085,586.6321,54.565025,624.1111
114.437965,72.600174,145.20401,112.35991
50.995247,165.01575,78.99535,207.56775
108.96866,390.2025,136.79669,427.82312
82.3354,479.469,106.59776,511.46716
19.328182,403.68805,42.49926,432.83807
33.59214,0.0,57.373466,10.690947
54.947063,484.04974,78.38115,514.2802
57.747623,561.12885,79.872986,591.54694
0.0,242.35971,11.739632,274.28464
124.20635,629.6321,148.75287,639.95337
