82.08154,467.6983,106.28427,500.63837
78.995834,364.21625,103.430145,399.237
107.94008,400.68182,136.6356,438.33612
2.195919,223.55255,42.799614,280.99207
114.33537,218.47156,140.82219,256.98865
60.46551,601.8446,85.15558,638.32556
74.88799,304.53406,100.12441,339.83484
17.321293,445.80356,42.176144,476.86063
28.241205,573.87964,52.210136,604.24854
46.44388,409.39304,71.712975,443.08914
0.07786369,585.6299,20.983168,615.51685
122.23793,550.3705,145.10378,580.4862
25.005154,494.1579,50.171978,525.67194
87.36113,580.4146,115.3672,617.25214
52.777546,505.3567,78.284775,538.7931
0.16575098,489.95712,15.840586,535.078
81.22171,177.03528,106.63693,213.36893
82.57506,237.30658,106.51459,269.95895
51.70587,193.68207,76.610825,227.7359
46.90686,304.6594,70.53275,333.0284
117.110405,50.054268,144.53351,95.130806
1.3987961,269.33008,39.466408,329.8084
