84.09033,555.1732,109.67041,587.36084
115.7388,339.8437,138.91031,373.5622
48.86094,411.03082,72.331276,442.6485
112.426636,184.87218,140.59789,226.33504
31.159966,614.4697,54.29232,639.81384
111.99112,417.79022,139.16519,451.92377
50.920753,483.60498,76.74566,515.6249
20.2127,313.23523,44.647903,341.92932
81.14934,400.01898,106.27345,432.14606
0.041635513,555.7434,17.420494,584.6151
50.25553,266.80533,73.61149,299.637
24.74825,529.2146,49.508564,558.7185
108.07379,291.48096,135.1961,326.50452
20.754202,443.45862,43.340385,471.69165
123.02465,11.483177,147.76788,50.57937
25.43497,193.70987,49.89909,228.4097
78.933846,259.23883,103.80006,291.9912
85.99263,152.73233,111.22331,187.33646
0.20088959,118.5785,16.44823,153.42383
49.33516,336.66644,72.642136,368.57367
18.622993,258.10217,42.400078,288.25195
25.775307,139.39926,48.1447,172.56528
56.589584,82.31842,82.87036,119.65636
28.110237,44.696503,55.137207,79.85408
90.204605,19.31324,115.49806,56.284897
0.0,325.86856,10.329012,357.2592
63.489445,0.0,86.71765,11.56259
