108.47237,276.30048,136.4883,316.03326
19.719,359.16797,44.53396,394.1051
46.323875,400.72754,71.98265,434.24695
113.26384,206.88599,139.5449,242.01257
77.04942,276.87646,102.06911,309.3839
48.151665,211.38388,74.20827,248.80722
110.99472,416.8111,137.79279,450.28412
45.164963,329.49924,70.54176,364.4127
81.650375,431.93378,105.05376,464.30914
22.29071,123.157,47.200233,163.27031
59.18179,559.8275,82.3858,589.609
26.397522,511.74316,47.695328,541.53845
83.59894,166.45026,110.488815,203.89679
59.599102,33.911484,86.583145,73.40872
1.000761,598.7632,29.96296,633.423
96.25685,0.0,114.4303,9.151306
90.38609,611.8345,115.472305,639.7638
