57.99283,571.669,83.06421,607.76434
113.500824,530.93646,137.7254,561.1254
0.0,67.45216,20.07468,105.932785
109.74634,292.48517,137.3808,332.4654
16.791084,327.25043,42.730026,360.3526
83.58229,473.98425,106.88457,503.5443
0.0,592.64325,20.420815,621.34845
54.23331,436.20447,76.01007,466.86914
112.66518,430.352,135.45459,462.21783
91.08354,76.51309,115.868546,113.80049
28.184052,552.60156,51.88906,581.11475
52.030746,54.002167,80.98993,94.11012
20.480618,422.10568,43.036488,450.14053
5.1457357,0.3258438,30.991821,31.8237
115.87222,139.88652,139.63945,179.63332
77.737885,302.80737,103.27472,338.578
0.0,271.52808,12.147761,304.33728
