19.831207,242.2301,44.418953,276.185
82.86011,448.64914,106.88081,482.47592
20.014786,350.93304,43.586815,382.71423
83.765396,203.93,106.531265,236.1836
57.19229,88.454834,83.14804,123.68991
47.935837,438.26245,71.40625,470.11536
56.357555,601.4611,80.85075,634.62665
50.675934,228.11795,74.246315,261.15262
118.61925,562.38245,142.48256,592.4591
84.30937,552.91016,111.779495,592.5144
0.31415176,0.005601883,27.389648,17.339815
116.34828,413.46353,140.62779,445.2117
26.079712,117.99237,50.60096,155.0149
123.62326,0.15167618,151.70566,31.53978
0.0,79.1855,18.676548,117.54875
0.0,327.79828,8.86492,356.26538
