0.0,62.62893,19.472897,94.127846
82.48738,281.33203,109.29802,320.91632
0.04767227,0.0,23.264904,27.54446
41.01808,274.08417,70.30337,314.08154
81.02717,438.10547,104.82658,467.6996
49.634193,549.48914,80.6347,593.74023
100.257965,0.0,126.04996,23.4179
27.93357,619.3402,51.91617,639.85046
115.08812,73.06151,146.60786,126.55086
110.87415,587.22705,149.45563,633.1886
82.5009,202.00592,106.41768,235.9226
22.460783,458.79105,45.892487,489.20224
0.106287956,466.963,15.034691,493.52893
115.05966,404.37244,140.34406,435.87793
118.8125,529.76587,142.96509,561.29004
26.818253,124.18184,51.12654,159.42867
108.29387,218.97708,137.50493,264.57877
91.67167,620.1738,117.21302,639.9592
54.7613,111.86667,80.06341,146.28635
