50.347,471.66754,76.82927,508.14893
78.742386,218.77975,105.1617,256.3358
1.1073494,0.060432434,24.585613,29.84455
88.4435,584.70337,112.81142,612.9673
78.44844,420.84198,104.87581,460.77777
119.62861,537.24304,144.29913,570.4061
23.434322,443.79022,46.814182,472.73492
13.855827,310.52832,45.79,361.3446
81.929985,81.4995,112.155495,126.081116
51.36728,331.74213,75.041954,364.773
58.02423,34.328766,84.099075,76.1935
91.08072,0.0,117.48529,20.416048
120.975204,99.48453,144.89125,131.88553
23.168295,106.68843,47.704308,140.43437
0.16193199,160.1077,14.4149685,192.9664
2.517727,579.8023,23.588587,607.721
