27.79567,0.21511841,57.458626,39.66771
52.976234,474.8106,75.14098,504.40375
50.14109,249.54268,75.26853,284.82904
0.0,526.1533,19.970219,560.41296
113.00621,414.7473,137.7547,449.82935
51.257027,334.009,73.809074,366.39963
112.93515,228.92105,141.28998,269.728
84.030815,592.9487,111.577995,626.72034
78.66981,248.29425,105.146385,284.9391
0.0,107.1423,15.559455,155.46204
26.226974,106.83954,50.959602,141.79681
120.384384,534.3689,143.21062,565.3285
80.37099,455.07562,106.00691,488.32605
15.085063,249.1074,38.472347,279.47168
84.07243,136.18695,108.78682,174.12961
116.56198,92.211365,143.55658,130.05489
55.593475,53.264854,84.86211,98.49943
