49.347603,400.5157,70.85748,433.03278
83.77898,459.41187,110.79289,493.6577
115.53314,299.67725,140.14954,333.08582
13.963078,488.62683,48.423695,531.8983
86.85133,268.00632,108.306076,300.44156
0.0,65.6026,17.163857,104.57388
122.963646,94.931076,146.89816,129.82213
23.837097,187.48732,47.495857,221.46416
60.14383,65.54932,84.72342,100.9686
27.4936,37.989487,52.23876,72.288445
0.0,404.17764,15.999313,487.85245
54.65702,171.33722,77.66161,203.53857
86.69341,93.32779,111.450554,130.44003
0.0,404.63345,17.328442,435.5034
