50.50866,485.7801,74.93016,517.3299
83.11778,291.11877,107.546234,324.53577
122.436615,117.57338,146.37048,153.26717
50.486954,236.68848,72.983055,272.44772
0.10383701,543.0984,15.685549,572.57446
112.039246,491.01514,136.69003,523.8821
84.3911,527.5834,108.79907,560.5956
33.908806,21.37604,59.312386,56.131805
76.37007,0.0,99.73837,16.822035
28.898687,563.5542,52.271187,592.72656
0.0,250.19753,16.468258,332.56555
96.49658,625.1061,119.28946,639.755
92.63063,75.69736,117.69025,110.60272
11.297176,320.40747,44.599037,364.76172
