0.18986893,124.37944,17.962402,168.779
18.075127,282.6631,39.97451,314.63635
75.02519,354.5567,103.25105,396.71405
43.95378,392.36563,72.48523,433.04416
27.440628,578.225,55.36831,611.5653
112.63913,488.2171,140.21747,525.0234
56.86405,547.5669,79.69933,580.0642
26.018057,490.63513,47.979576,520.80774
0.11871147,599.3117,21.537909,630.25653
83.41391,256.4375,107.17705,290.54822
61.44071,616.1447,86.83072,639.77545
14.510369,359.60043,41.761993,397.78934
32.693336,0.07195854,58.2434,22.922104
96.89838,431.35938,124.96896,464.1903
125.279144,12.599953,150.67303,48.781204
0.02909565,435.81244,14.607584,465.66205
94.68335,0.0,118.240845,10.38289
56.00595,146.68817,79.71472,178.578
86.02556,84.88222,113.126755,121.753006
20.734417,143.48611,49.679867,180.34134
