61.61821,600.91846,84.70239,630.5912
107.9884,319.83954,135.64911,358.31134
111.65408,248.65051,137.79727,283.98907
19.729385,402.93604,45.084824,436.7201
82.622086,474.51056,106.9189,507.02307
19.771605,168.95657,46.024597,206.75833
48.269936,443.74658,73.43816,478.40918
82.68296,214.61041,108.669716,253.41394
112.80705,458.07977,138.8446,491.60797
28.160803,555.2853,50.81962,583.1566
76.613144,328.28925,101.762405,360.27728
44.872643,258.32736,71.815056,295.4982
122.47146,0.5055237,145.98654,35.413086
44.575287,374.43744,70.949486,408.2514
55.094635,84.163895,82.50874,123.18747
89.546844,23.804405,114.453125,61.31791
62.677986,13.741901,87.24116,55.62897
31.518719,0.04242897,56.36147,8.772257
