113.101944,197.27127,136.8706,232.78098
0.011692047,566.8423,19.155159,597.72974
58.888752,612.0668,83.68877,639.96545
29.676243,585.0106,55.737156,613.7477
50.838432,282.43182,75.02683,316.0152
117.30461,101.29338,142.9973,140.9304
108.556046,423.57214,137.39272,462.15094
115.76143,553.514,143.76817,587.37714
50.116966,446.5948,74.85982,478.65118
0.0,26.314888,19.18669,65.357704
127.39662,18.163776,151.00105,51.31547
91.084984,0.15074348,116.766304,27.580414
20.239716,297.19458,43.692352,327.61328
82.872925,438.0349,106.91327,467.44727
22.155827,444.1623,47.005283,476.0655
77.24521,322.08582,103.46933,357.05432
17.759872,235.0694,41.47285,268.90176
26.90485,34.949707,52.337032,72.26298
54.93068,537.48193,80.11029,569.7014
125.91864,620.01965,153.09952,639.94666
22.632835,88.300735,50.361115,128.44714
22.912937,170.89658,48.11372,207.5209
21.740486,367.78696,45.21402,399.41733
81.009476,229.96707,106.569855,265.47
84.386185,558.2341,109.0735,589.11273
88.72131,86.407684,113.86569,123.04257
0.0,465.77222,11.041184,495.5952
0.0,115.13868,15.309225,150.52374
58.852562,77.78525,86.18778,118.186066
45.43786,358.46228,71.73652,393.29456
