119.18924,87.235016,148.14856,128.82166
107.26262,278.98297,135.74113,320.8199
115.15283,343.18823,138.792,373.43958
22.015358,131.75446,49.131294,169.789
0.13748741,529.77136,18.088778,562.7394
20.116375,417.74194,43.78482,451.0993
25.75206,555.97437,51.076653,588.4502
81.17052,449.24252,106.60483,481.3035
114.771225,458.20837,140.08855,490.375
59.573074,613.1986,83.4292,639.74426
18.053696,288.9676,41.12741,320.28632
59.190765,547.0924,82.02141,576.8231
93.01749,25.555403,119.26758,65.87189
84.46744,534.4425,110.75162,566.2799
59.882034,3.557869,85.37491,43.280716
88.116516,590.5791,116.04764,639.46826
117.34372,531.63794,142.0816,562.1874
18.458897,360.77875,41.142635,392.65088
0.06412792,483.27435,15.7815075,516.2973
117.72879,155.87595,141.97443,188.99814
48.138474,354.37274,75.807175,389.89124
0.006494522,338.6587,11.355705,375.3053
47.507835,175.9261,75.40855,212.39659
77.59401,357.2409,104.94672,391.95636
19.16087,239.20465,43.852604,272.6054
