110.87996,288.4439,136.66885,327.66913
18.1627,390.67566,42.58108,423.22314
0.0,516.98517,18.98703,566.267
120.89322,93.54385,143.91638,127.973114
17.305042,246.87848,45.102215,289.0197
56.109596,160.46815,79.27146,196.71764
0.0,66.02559,17.463276,108.14018
57.342655,594.6135,82.15143,631.199
75.950745,366.08063,104.656586,403.0208
56.59604,36.355446,84.9863,81.24278
118.250916,524.3131,142.79837,557.8534
89.23298,86.61467,112.889824,122.47281
84.41841,565.77014,111.78926,599.03015
31.468563,17.890472,58.192387,54.69993
46.800247,447.98108,75.799576,485.54926
19.898329,470.32306,47.241455,509.5987
