0.0,490.35638,17.946281,519.1357
116.71631,530.22766,144.7984,564.10046
18.401848,377.41486,41.00254,408.96143
113.74977,346.98157,136.92488,384.17004
88.71029,545.5281,111.953636,577.2285
0.3788128,624.3624,23.744473,639.8633
80.48695,419.22473,108.85364,460.12134
20.604538,220.07658,44.52909,249.99886
83.664764,128.52844,110.279755,168.43433
120.774475,28.465971,149.38086,71.1734
26.254581,551.0188,48.889492,578.9971
51.316284,168.5878,75.315506,201.94553
115.88559,160.3558,141.89084,196.91806
52.34977,512.1071,76.875435,545.5538
88.579575,46.336777,113.12807,80.55928
0.0,370.7492,11.73185,399.49792
0.3173051,153.03497,15.970976,249.90625
