50.85521,268.40924,74.703285,301.93024
0.17823792,568.6443,23.32763,600.74854
26.377996,529.4081,48.211525,559.28455
19.468384,318.76266,42.391487,351.67264
112.39957,153.93228,136.62172,187.58578
84.18432,490.98737,107.17426,519.9638
44.394363,419.3556,72.83179,459.76355
82.30699,551.30225,105.58742,583.4009
59.60884,3.7965736,84.05687,41.74562
0.0,72.69211,21.322659,111.49049
113.844666,380.2269,137.61478,412.47018
0.10423851,450.45966,15.463018,480.28644
76.2798,383.88968,105.99199,424.47086
118.92228,531.45703,141.48837,559.62573
94.22427,619.9453,117.95953,639.8303
52.064026,327.08337,75.38835,357.10095
0.0,195.23148,13.146544,226.13815
