27.398472,590.81824,51.7188,622.4144
113.39528,509.9311,140.52997,544.6943
67.49852,416.8782,94.28917,451.68472
84.51066,482.3374,108.88622,516.54785
18.94487,471.77237,43.091553,503.08017
84.356674,544.977,109.394394,577.00006
114.45651,342.47418,137.51285,377.25958
17.41682,90.49716,43.944626,124.05611
113.10104,595.2129,136.4756,626.959
118.633514,75.9776,145.5687,115.56328
116.031815,214.053,139.16835,245.77272
50.032867,547.03625,80.67325,585.24963
0.0,618.5078,21.965504,639.87354
44.562355,176.72388,77.704414,224.875
48.57554,354.8065,72.28964,390.36893
1.466217,257.25525,45.092087,323.48102
80.140915,290.47388,104.66676,323.6845
80.46041,190.38336,104.65783,224.2525
