0.0,0.3268547,26.434187,30.161354
29.362059,8.4585,55.326797,42.74978
109.98073,226.72464,135.71172,260.33694
1.1678066,613.5236,24.092243,640.0
114.99212,514.20245,145.28436,554.0308
57.32805,115.90674,83.076935,149.90195
16.953514,296.62646,39.9721,328.49817
109.45584,354.74,134.96594,389.4958
25.804296,86.84302,48.468483,120.33783
81.666145,232.10776,105.39129,268.00443
90.34625,84.45444,112.925476,117.009476
23.451294,170.35638,47.298363,203.96494
42.891457,525.55835,79.149025,577.4292
52.02012,205.09323,76.934,239.38632
118.27615,67.89621,144.7998,108.030716
83.67882,179.2857,108.212234,212.0423
15.222935,363.1662,41.940178,399.6977
0.076538086,521.646,16.906086,551.2634
46.31423,289.029,72.15523,321.00165
20.047203,434.90918,42.870075,468.31384
76.50301,292.92413,103.60691,325.92572
51.070435,416.63776,74.220116,448.35553
90.85739,561.9679,113.36023,591.88135
78.61756,415.2049,106.13824,448.0771
0.0,147.32341,12.636224,183.24516
95.734116,0.0,112.61189,5.984944
