108.377594,287.79865,137.4043,328.38556
82.222046,185.11412,106.65773,219.81114
15.034978,262.87158,36.88677,294.18372
21.307587,392.50012,44.297066,420.76685
79.02617,329.36914,102.76665,361.84143
121.92052,44.241173,149.7035,83.34039
48.739616,236.23895,74.171745,269.81384
0.0,575.9773,17.679005,605.5779
81.546295,480.30695,107.91324,519.0682
46.651474,348.39856,69.37869,379.42963
118.36998,505.0114,143.01418,538.14557
0.0,73.800415,19.915218,107.80441
27.126432,565.0019,51.62619,596.6617
26.692616,483.49695,48.660442,511.96558
90.830246,608.54834,114.97038,639.58545
20.019045,131.83942,45.951157,167.59146
120.656425,582.0454,147.62201,616.20435
50.851227,493.73978,80.89017,532.4988
61.86558,0.0,86.98146,16.69698
29.141178,600.3434,55.310772,632.4872
32.89416,0.0,56.968426,16.528559
90.56694,67.00572,114.61949,101.13768
56.052277,65.225006,83.34686,104.90109
0.0,486.28363,10.548161,515.0059
0.0,177.79767,10.519144,205.85599
