119.08823,197.26987,140.71475,230.42514
49.779037,361.4463,74.02348,392.11047
88.367294,576.64453,115.31062,612.2954
18.905746,256.0503,41.69397,290.05322
32.516533,2.7923355,57.34086,42.774017
83.36592,188.43918,107.7388,224.59686
0.0,571.95386,21.187752,607.1632
0.0,30.058897,22.65591,66.256546
84.078316,483.41608,108.206276,510.7326
0.0,164.65134,16.054546,200.22818
79.37419,348.41162,104.4926,382.07654
49.491135,432.227,75.78031,468.7016
52.18792,203.17136,75.27323,236.11914
22.474052,152.48294,47.70317,192.6849
55.225315,576.06946,79.83185,607.67236
91.86862,2.6661453,120.13599,42.284515
119.58203,0.0,150.12933,24.641724
