27.299213,578.90216,50.378857,611.31573
82.64367,492.89996,108.9282,527.76764
52.89292,185.90024,76.923775,222.28241
19.76862,317.91138,42.622986,348.26453
82.52629,234.65182,104.17276,264.07486
111.97099,443.49,137.62169,478.84045
92.39644,10.79689,117.217575,46.935463
47.024284,377.1174,71.78167,407.918
116.03483,137.31723,140.51791,169.83603
0.0017967224,544.6732,16.560684,573.3312
127.352264,0.06983948,151.32333,18.360855
81.71509,339.1602,104.23877,373.08914
13.022708,379.9621,37.85316,413.46442
59.87714,576.9159,82.78885,606.80725
0.33734322,264.51767,13.475816,321.53067
0.0,218.33887,11.79315,248.1235
0.0,97.085724,24.129826,159.79907
127.06615,631.9339,148.74797,639.8625
