52.001797,145.53769,76.60065,181.11816
113.748,193.59964,140.37349,227.99786
51.29065,282.05817,73.72788,311.8615
115.688614,451.59262,139.29823,483.23837
90.168396,590.1419,114.07002,620.487
50.758842,365.53802,74.4783,397.68732
0.011426926,283.19507,14.64509,315.92725
82.966,281.5102,106.11539,312.5583
22.245232,498.5307,45.035286,529.91
84.3165,179.15686,108.77603,211.96735
20.749088,325.76837,44.54018,359.7901
54.564594,484.22058,77.70058,515.0724
110.60156,356.90735,134.49715,390.65582
0.020371437,145.97815,15.873127,180.27051
21.762394,430.35123,46.20872,462.25778
119.293655,533.5017,142.8715,567.5408
33.39372,585.62067,56.671726,616.56036
60.389275,0.038146973,87.34023,32.94692
87.085526,477.62128,109.375275,506.09357
79.82678,394.97296,105.32687,429.15668
125.07155,27.263039,148.734,61.256866
0.048431396,500.15295,18.73653,528.4403
59.172276,50.70199,84.928375,86.33097
23.274847,93.629196,48.287773,131.4267
59.995613,623.7297,86.88453,640.0
