46.833282,249.72481,69.9873,283.1352
80.75908,285.11322,103.98462,318.45105
51.47216,386.76086,73.78991,415.98926
18.836132,205.4877,42.850716,241.23532
26.841322,522.3919,50.73616,553.95746
0.19863892,86.83687,19.449787,124.78157
112.93173,457.3551,136.00198,489.08838
119.15575,532.5177,143.16853,566.1509
22.426376,423.27557,44.70716,456.79492
110.77037,301.09274,137.57048,335.23947
123.23567,615.92474,147.9669,639.8144
52.99137,462.69382,77.16859,495.11826
83.84421,493.90015,109.67322,528.453
0.0,380.13757,14.421562,412.69226
83.727066,385.44202,106.393295,414.5932
59.888145,577.1543,83.908195,606.5945
116.8981,146.24542,140.97092,177.40613
27.939203,585.77954,52.432472,617.5884
0.7154465,582.7613,25.114334,611.2978
88.33952,18.460238,119.98389,69.471176
91.93024,575.98413,115.504456,605.1802
27.111221,26.494307,55.430916,65.67529
0.0,253.10362,10.466732,284.5769
