49.67971,225.9906,73.576126,261.153
79.6926,307.88525,103.574646,341.8125
17.738953,368.0052,39.929966,398.93146
120.9362,606.12024,148.78215,639.7196
0.0,72.578255,18.95162,107.468376
46.38646,406.01144,70.30652,442.40945
60.103027,0.0,85.64699,18.231506
27.731758,574.73193,52.094948,606.8137
89.0096,535.0186,112.93959,571.5811
118.23571,161.89911,143.12054,197.44543
116.568726,58.67382,146.82379,102.87301
0.14208603,599.3624,22.589077,630.3235
27.933443,44.363155,55.94252,88.40387
58.83806,565.2229,81.52692,594.6565
24.855988,158.64645,49.112175,191.97043
55.13611,125.10158,80.27481,158.25304
85.683426,125.02977,110.03639,161.41606
0.0,423.56064,12.302092,456.295
