115.849625,531.66736,142.37715,567.4579
88.18538,578.4514,112.18686,611.1227
53.403435,513.52606,81.34414,548.0584
26.944145,486.27313,49.00683,517.9289
0.063812256,563.0874,22.319592,595.06006
20.396942,312.30182,45.617775,344.17145
59.947403,608.018,85.36154,639.01117
51.837967,242.3471,75.93457,276.2179
84.349976,476.04196,107.92966,507.168
78.4353,265.7741,105.78102,300.74
115.22194,343.39368,138.33942,375.98456
0.51571846,5.01429,23.468859,44.601395
115.39276,439.51318,140.43307,472.37946
121.75369,607.9993,148.2706,639.8654
18.203747,382.6789,40.68338,415.2619
49.39157,357.00674,72.73135,388.92197
112.596924,223.89722,137.7575,260.3555
28.73368,556.77576,52.19938,587.04724
59.194115,14.201027,85.1014,53.83773
82.591,350.53845,105.81964,379.9463
122.01685,54.77466,148.78851,92.585846
24.518864,203.52939,47.563015,241.68826
91.57993,48.67836,116.084694,84.84006
0.0775547,159.9285,17.080803,195.77213
87.72877,155.7515,112.34185,189.83096
56.840736,155.96854,80.24322,189.0469
