77.43675,346.78156,104.40898,381.55188
90.35004,547.18555,113.98721,581.37646
114.423004,401.12158,137.57709,431.75012
76.29591,501.66156,105.118546,535.98175
52.33243,262.2751,75.96469,294.98004
52.09131,90.45683,79.8864,136.46869
83.90515,254.75769,106.93295,287.0705
21.757086,332.0661,44.91503,364.32556
0.0,533.2223,17.759932,567.5431
48.04496,372.75903,71.78236,406.3717
0.0,12.9296875,25.218487,52.875626
121.11833,66.03075,147.81627,108.68114
28.121967,516.8651,51.9043,543.9269
28.212128,64.17134,53.51011,99.058304
86.31966,141.27615,110.78261,178.15842
0.94919395,630.0392,25.488857,639.8602
0.0,245.89447,10.675632,278.50726
