124.30594,0.0,152.2857,18.840265
50.288727,459.84158,73.638824,493.22635
0.0,106.97447,17.908522,142.28864
22.565296,506.30453,45.311497,539.2589
48.065857,376.72693,71.22795,410.40967
58.60845,579.28033,83.02813,613.9366
113.752365,360.6502,135.94241,390.9046
79.36746,147.99445,106.440704,185.59216
81.337326,259.1896,106.52336,296.69516
117.96704,498.07184,141.56656,531.1236
19.41215,258.47095,44.791313,294.03076
82.524445,396.762,103.68857,429.14218
42.910866,250.88667,74.72972,295.50897
87.42746,632.6658,114.138214,639.86743
