50.367287,307.4981,74.10153,338.76825
115.41112,284.52893,138.52162,315.66443
51.425606,128.69963,75.583374,164.29472
85.41374,546.8589,113.20061,582.9907
0.0999012,567.9487,22.206034,598.9038
69.39659,372.5904,100.209915,412.39044
46.45845,391.77826,68.62834,423.47552
52.782154,475.98663,75.2379,506.88544
117.41079,496.83643,140.6666,528.53796
0.05842209,99.019714,14.557173,132.35956
88.166336,35.228394,112.837906,71.78311
19.873493,335.15875,44.00977,366.97614
122.32933,626.50995,145.82146,639.909
0.20211124,446.52142,13.801822,481.69476
33.285767,0.0,56.856003,7.664179
