0.008321762,524.57947,18.87255,556.5375
75.751656,375.37555,104.24197,410.60553
46.515762,348.9439,72.29129,383.57172
13.303371,0.0,58.392063,44.88616
113.67619,280.48383,136.16832,315.50543
16.341076,364.64563,39.7351,397.50195
11.135815,217.98541,39.303844,260.40747
84.0629,589.4686,111.746155,621.31824
112.866684,451.8113,136.63142,482.4283
25.377863,150.05698,49.318275,185.20108
58.601368,58.474915,84.02818,93.30884
120.43883,66.16373,144.6764,102.92755
120.08467,579.2322,145.02995,613.97485
92.22287,41.747055,118.52942,77.95657
56.27685,140.43222,79.318665,176.20486
