82.66034,363.84976,106.02002,395.94827
0.0,556.6643,19.43639,582.6913
51.21353,443.08438,73.633835,472.47427
72.49875,260.7887,98.53186,294.8236
0.026922226,433.75134,15.69788,462.38794
111.59219,482.76154,134.71198,515.436
21.473421,179.17467,44.32048,212.6381
84.409134,518.2258,108.50377,550.87646
25.401691,499.7589,46.926792,529.98083
116.53042,83.79385,144.09805,117.3259
0.079071045,80.63652,18.179098,124.25261
64.22604,161.25243,88.12463,196.76363
26.366236,116.78965,50.547813,151.8801
62.62755,11.702805,87.0712,48.554123
84.5173,111.034454,110.254745,148.0357
25.114357,0.0,57.753494,16.280327
