0.68583107,609.4001,23.90759,639.9344
1.0822792,0.28211975,26.758173,32.290573
0.01927948,531.2672,19.022053,565.5692
49.744568,305.42548,75.059616,339.6762
0.018550873,124.64807,21.62032,168.77155
17.312122,253.465,45.81068,290.58047
26.695843,0.0,55.579777,40.333725
22.750423,467.77606,47.501667,499.4178
86.094055,549.5582,112.99957,584.70215
109.58429,265.26447,137.3803,300.00128
121.021545,547.53906,143.92639,578.25024
115.522064,398.86365,138.6883,431.02222
121.3313,105.74626,144.89893,142.07376
27.754158,570.4663,51.19348,601.7125
56.0808,570.18964,80.106186,600.3934
83.95635,394.7583,107.59045,424.6521
114.89105,196.17395,138.55112,228.96646
86.3902,452.24268,111.17453,486.12903
96.151215,0.0,118.31494,9.147101
78.18599,286.77728,104.16426,319.26263
20.331093,356.32056,45.15531,388.8283
45.314438,363.51868,72.81832,403.2865
52.624283,460.67847,76.01547,495.08942
49.98828,152.64932,79.13997,192.74646
27.417406,91.78465,51.791412,126.28412
86.65999,190.6908,110.39728,223.35175
89.6151,629.59503,113.97725,639.9017
63.95018,0.0,86.0177,11.83996
85.90357,99.40509,110.943214,140.21979
58.081486,83.96599,82.44708,119.288055
0.0,351.86084,10.8956785,381.92273
