82.19237,273.3515,105.86629,309.43744
19.855816,452.34448,42.14287,483.8474
41.208862,253.99672,71.21769,296.07666
0.2334919,614.4563,26.43272,639.761
0.33924675,55.270588,23.401754,87.26524
18.64534,347.69025,40.090317,379.2138
116.95546,91.800415,147.1563,134.40375
26.17981,177.61894,52.01963,211.0905
117.6297,547.13525,142.89352,579.90894
82.2733,476.41483,108.64339,509.75797
51.579945,475.83435,77.835464,507.485
0.0,195.95676,14.607792,228.01462
109.97186,247.19202,136.29572,281.8133
88.91911,84.9091,113.59459,119.75435
58.322388,63.73784,82.96797,101.858505
27.64302,82.94095,51.133987,114.95358
