52.2687,480.6784,77.35073,513.71405
19.54974,270.32538,43.546604,300.20923
83.51398,206.94083,107.24127,241.44504
57.08736,606.66406,84.36696,640.0
83.71056,538.98676,109.17103,572.71844
20.012638,510.47925,46.52535,541.7241
47.42994,222.32095,73.73539,259.99033
0.0,469.41394,15.391157,508.76855
82.98795,419.5713,106.70194,453.80408
120.81731,595.7554,146.0876,630.2864
0.0,105.83397,19.35881,140.44005
50.734764,342.5142,72.40121,371.92
110.466385,375.41296,134.78754,407.9098
42.759895,404.76062,67.03424,436.85486
116.075836,110.39749,142.91211,149.27396
123.0739,10.6280365,151.0891,52.270515
26.667866,94.72203,51.657017,127.99043
32.016895,4.0052986,56.880062,41.199356
85.60652,7.7275352,117.357864,51.205227
