19.11945,380.34402,43.82369,411.77927
0.10726738,1.3041725,21.036018,37.38952
0.016319275,423.42896,15.77083,454.14868
109.99863,449.48334,138.73001,490.82928
82.0305,357.52765,105.90663,390.95905
48.191437,291.75342,71.62307,327.78418
20.741375,243.03156,44.21609,273.84918
28.052246,527.04004,52.57567,556.3545
24.54532,128.69147,50.6304,166.35974
82.416016,426.597,104.63692,458.0827
28.948254,57.090714,55.922764,94.62601
118.360374,575.6073,148.74094,615.7637
52.381256,205.75949,76.280045,238.67151
51.415764,418.3616,75.10047,450.70407
80.53825,245.83737,111.573425,283.395
59.142246,583.61914,84.94147,614.28076
118.25806,75.81688,145.31683,112.97246
90.53296,34.242554,118.55411,76.94638
0.0,331.47614,13.893225,362.5329
102.74211,243.79529,134.08766,281.97754
56.246384,123.311005,79.712555,158.7781
