16.683617,401.3979,42.55845,438.18646
1.1658726,5.805462,24.118896,39.35466
0.05091095,518.7418,18.880795,550.4818
115.51622,68.3334,140.75359,106.90926
81.50189,441.461,109.60724,479.84576
16.01627,300.48956,40.646584,334.3847
83.42775,190.82974,109.02327,227.31573
51.47885,202.65807,74.64776,233.19032
93.05122,32.814903,117.579254,67.903046
109.63747,323.91156,133.57114,357.28925
88.223366,556.65326,112.74836,590.5551
107.71794,257.57446,133.73569,294.08728
115.40599,516.2773,142.73305,550.1226
28.76487,595.1493,56.61061,629.3922
32.328953,463.5159,57.36166,497.1616
22.074326,545.6919,50.19954,585.37524
49.786545,326.00378,73.221176,358.2251
84.45108,114.11893,108.37262,144.35577
71.856735,309.49078,100.40132,353.22906
0.0,195.85484,13.769517,228.31429
