112.395584,363.2094,136.02629,396.84808
49.54265,418.3741,72.75748,453.43576
57.350098,535.26556,79.49257,568.6612
2.4831352,423.70123,44.556973,476.90643
72.38469,245.78986,97.80626,281.34692
0.0,567.6302,19.676756,605.6889
29.258137,568.7554,52.29887,599.36646
25.795319,65.18718,53.512245,108.11067
82.34743,469.40482,107.522095,503.91995
127.89783,12.142412,152.69434,52.599915
58.606483,106.33499,81.75019,141.83414
0.0,65.69409,21.60817,103.56909
116.19119,588.5781,141.30789,620.2744
66.65329,0.0,90.523575,25.54467
116.25238,143.39275,140.18204,177.17506
0.0,228.64777,13.746313,263.7788
86.30408,161.34448,113.06868,197.23431
53.17862,179.02954,77.69585,210.98102
93.98649,54.03844,117.58114,88.704056
19.447649,228.71475,45.830093,263.0915
32.44568,627.8856,53.280167,639.989
86.95273,630.4691,112.118195,639.83704
