82.17671,201.88077,105.83272,237.99173
112.60188,53.911163,147.76118,103.951294
108.45859,276.83502,135.268,313.61078
27.630161,609.0709,54.893185,639.78015
81.828735,292.68198,105.557526,324.6575
118.924164,579.9764,147.255,618.17474
19.556225,291.6527,42.824345,321.28296
43.383698,320.41205,67.04019,352.44464
0.0,73.13689,20.898434,119.81358
0.07155609,581.69763,22.367783,614.5841
114.12096,456.24567,138.66733,491.41772
85.55929,464.23438,109.80729,496.70972
60.725937,23.72346,84.469894,60.655403
52.726467,440.53412,77.945465,517.4197
14.918973,427.08243,38.51588,461.4523
0.0,357.85986,12.643874,392.28638
