114.430176,499.0251,138.35172,531.6823
22.066402,467.40118,45.81515,500.08942
51.970398,432.8288,74.97725,462.91028
46.24504,296.4555,69.79281,329.82306
18.254658,252.58679,42.4697,287.95392
109.92877,347.7995,137.75806,380.70978
80.211,333.01642,103.41881,366.72723
0.09066391,424.81693,14.824517,456.1796
54.76733,506.66144,78.97714,538.20685
28.66996,562.98267,53.95671,594.0737
115.57378,203.24896,138.64558,233.50128
86.94768,539.25244,113.798676,573.9912
25.812355,78.2097,51.944527,117.89693
84.85336,430.30182,107.950195,460.9853
121.98041,571.35803,145.74988,603.48364
0.084142685,140.90683,17.299582,179.05093
84.61092,73.97833,115.639015,124.39969
39.589912,198.80698,65.05143,232.19327
122.263,0.065280914,150.53705,37.250847
2.9936256,620.3856,28.140755,639.8705
0.77322006,0.0,26.705006,23.06657
94.28473,620.3007,117.40436,639.9095
32.79915,622.7556,53.71234,639.92725
62.673763,618.01965,86.5459,639.8695
55.010464,147.08089,78.82712,179.83766
60.91796,68.89867,84.374535,101.052444
36.12928,0.0052604675,59.891495,19.813915
