0.0,457.1197,17.979588,486.2379
29.85453,253.22533,70.18306,307.4828
1.9886055,613.5857,27.413292,640.0
115.49242,443.48547,139.24693,474.93567
80.91028,480.11658,108.15323,513.7512
80.13759,285.32962,103.01805,316.64542
82.07945,202.3631,108.187485,240.38892
113.105545,278.64917,137.2939,314.62396
122.66489,36.9041,147.57352,72.45396
0.19482803,109.01248,16.485008,143.36047
24.057484,519.94,47.655155,551.60065
22.559423,53.62294,51.155556,94.674576
19.424583,123.82342,45.961067,160.97125
48.583267,458.797,72.21132,488.85815
0.0,326.4501,10.885081,359.34836
53.123447,155.51338,78.02966,190.6504
84.161285,108.49925,110.04631,145.52068
20.389246,179.55466,44.815407,212.0018
