24.543488,522.27234,50.47499,560.6105
0.15145683,466.13312,15.719107,497.47797
118.47209,523.4553,142.22078,554.9929
114.68651,281.8775,137.66254,315.5739
0.21165466,562.80566,22.488811,591.57495
14.869079,375.8382,39.628372,406.92987
76.24651,331.24658,103.40623,365.38904
25.354729,102.932526,77.56102,160.21188
88.089615,600.7467,112.85539,632.2489
21.844917,76.90491,49.254898,116.18161
44.75952,288.67194,70.96891,320.68768
116.76327,151.6181,143.08096,188.0221
84.58816,146.8703,108.03217,179.17657
84.37656,480.69434,109.20416,513.6556
0.0,211.29144,13.413629,246.49884
88.043106,73.89995,114.63237,112.97548
0.0,320.72876,12.757267,349.31177
24.10314,16.35617,52.969383,57.0782
122.64292,0.0,149.10861,21.863625
59.910263,618.6886,86.56378,639.88635
59.39399,0.0,86.5315,28.364243
0.33724213,0.0,21.087605,9.123291
