20.085331,172.31891,43.932034,207.11182
115.46762,530.2654,139.93524,563.875
82.4328,374.75513,104.16264,405.18695
57.72096,0.04606247,87.136185,34.13536
0.026727676,131.19133,16.041533,167.90044
0.3281002,0.0,25.926008,25.072021
26.82452,512.9426,48.790714,542.63965
44.770454,364.06134,73.13394,399.67462
105.460175,236.16339,132.47353,271.39172
51.098213,451.3119,74.42474,482.96667
48.11048,223.4621,71.68044,255.97025
5.534336,330.93054,32.359898,359.98975
117.5736,58.144516,143.81262,98.26738
0.0,467.9055,13.129332,500.5599
