117.053955,540.0206,145.76599,573.7628
0.011716843,620.8831,21.429173,639.8046
0.16428375,555.79407,19.076767,593.641
1.5341225,0.0071868896,51.40522,43.07012
117.63289,470.94586,140.27623,498.94452
122.117004,596.4302,148.06876,631.4238
80.26475,443.43805,106.6939,475.39178
23.590315,532.6075,49.29265,569.2243
0.0,497.15402,15.14493,527.4133
20.934599,471.0174,44.167007,500.77667
62.928425,616.8568,87.931015,639.8063
123.53083,118.30267,148.88995,154.77069
112.89392,413.78833,136.18666,445.52417
26.337479,50.385807,59.95974,88.50717
51.49852,114.62023,77.609024,152.94775
18.6608,395.66904,43.49658,429.5792
89.885635,0.010009766,114.50319,18.038277
19.632843,283.8227,43.316177,319.73187
125.35188,22.261765,148.52638,58.898735
91.97316,611.3715,116.481705,639.62396
85.61229,515.50226,112.016525,545.71576
115.09982,312.75513,138.33687,343.06982
28.486809,570.33887,50.724197,600.07385
0.0,122.25211,17.059238,167.96036
82.76427,169.59424,107.771225,206.72641
86.63461,560.1483,111.47275,592.6732
22.46881,167.17828,46.75377,199.98004
113.36937,362.16837,138.02925,396.04068
76.515305,243.37698,102.33766,279.0839
51.94339,397.43445,76.15221,430.30457
108.716,229.11313,138.74994,271.90002
78.77949,402.29532,104.29481,436.16843
77.181305,288.7972,106.22276,329.19485
58.167583,542.4677,81.79912,570.4654
0.020683289,237.55205,12.184351,276.23846
52.17784,470.06345,76.03075,506.58737
47.728294,233.30252,76.12648,272.19257
