83.21033,486.3119,107.37889,515.5294
58.643097,572.1015,81.24242,603.425
103.7072,284.37268,139.94049,335.39722
115.63858,219.54315,139.14014,255.41455
26.55307,80.84291,50.37535,116.38051
81.586136,268.3584,106.290085,301.36816
88.313354,602.8718,115.577515,639.69824
15.109366,258.11823,40.469376,291.6303
78.313416,337.3108,103.84758,372.53345
109.95354,411.65945,138.0385,450.2499
117.41037,534.14136,142.91095,569.1553
119.59602,127.38483,142.75435,160.73907
46.36281,315.2604,70.995026,349.08786
19.306664,335.8571,42.058846,367.69498
89.00186,82.9207,112.0397,116.35286
44.373154,194.90393,75.325455,244.12115
5.407238,2.4781342,30.721233,36.30094
