114.904526,224.13406,138.87654,260.1974
18.99791,425.73706,43.326843,457.33984
78.36653,325.18787,101.03856,358.82568
25.64238,513.1309,50.331535,545.45135
116.50445,546.7382,145.22308,586.01447
0.0,49.82685,19.784252,92.73473
51.846504,141.56119,76.17165,177.7471
114.942505,408.44672,139.89276,439.55377
85.20031,146.8349,109.00889,183.14282
46.00222,254.2843,74.33387,295.05664
19.687243,155.3424,46.149353,187.7243
41.99839,348.9859,63.235107,384.75348
57.30237,590.69653,80.858,624.00684
0.0,527.10754,23.370846,594.0814
91.42128,12.50552,117.13017,51.381367
55.320496,64.14424,81.574005,100.41618
123.44217,0.0,146.57385,24.721603
