50.108536,402.15494,75.86449,436.17838
112.87834,382.28485,139.1663,422.0063
78.32564,294.62158,101.542206,329.87292
120.589615,102.23512,144.26015,137.30247
19.050972,256.97327,43.272507,289.1538
110.476395,252.20691,134.73302,286.1383
57.082924,623.70013,80.54891,639.86017
124.43881,5.9628525,148.80246,42.425957
52.512665,104.37909,78.07526,143.39977
84.927734,185.44998,108.28995,215.49155
19.989943,146.92223,47.577744,185.71983
78.62109,414.76782,105.75067,451.2589
48.54393,204.87936,76.64409,248.61063
55.273205,487.60938,78.00163,520.1294
16.42524,390.8633,39.499622,420.62204
88.47963,17.404373,112.39784,54.954803
119.17534,567.4912,143.28365,601.8071
29.812103,37.016838,55.389343,71.122826
89.685715,623.0116,114.3618,639.9061
