0.88039017,4.5016212,24.907524,42.960743
111.2767,384.52426,136.01283,419.12802
122.04851,115.326035,143.73106,146.79189
88.84561,624.65125,116.11417,639.8495
13.785309,383.42548,43.2121,419.62775
0.31196022,537.9217,15.644118,576.0319
118.665665,513.27576,142.40599,543.81506
88.72238,537.89746,111.8963,569.8804
28.685246,569.7455,54.1105,601.4005
51.676086,404.21637,75.71786,437.30096
58.737206,555.3004,82.28283,588.68994
86.80384,475.04083,108.93694,504.07123
115.014175,214.19492,138.82353,247.50092
49.54644,464.00748,75.374405,500.17593
123.27269,1.6795692,152.2093,45.416412
59.538174,0.22151947,90.04678,33.756058
76.31889,378.52673,102.95654,411.44873
82.21962,309.20386,105.97658,340.09265
20.881416,126.72992,48.87639,168.44
86.32859,91.4008,114.65368,135.23058
81.31442,225.67004,104.88965,264.44934
43.39705,276.11197,72.03224,314.3652
110.115845,309.7313,132.54146,341.11636
29.62516,25.172787,55.64312,62.857304
21.568872,461.40985,48.170876,492.8106
0.15151215,114.03174,16.813347,146.34586
0.0,235.56166,14.183151,278.1383
51.15203,208.42154,74.89589,243.20102
0.09622669,471.47876,13.689348,501.13593
56.01323,106.317505,80.470276,140.45358
20.932716,218.75682,45.226624,251.66609
