1.5101528,5.4362984,27.445847,44.330666
114.0318,93.6194,144.259,142.09425
113.78372,337.66663,136.66,368.51855
52.673626,473.23615,77.71248,503.20905
82.14332,459.80817,105.66926,491.17657
18.208118,352.5486,41.766613,385.4575
55.32174,556.23914,83.559456,593.1588
124.32279,0.0,147.4935,15.718227
87.57333,3.4113846,116.867676,44.689537
84.49563,135.8591,108.61828,170.84402
81.16226,308.10684,105.30957,343.65488
90.30855,592.41956,115.97493,620.59216
27.022528,104.500046,53.628807,141.14748
49.135353,317.35422,72.45391,350.40536
0.11890221,127.05075,17.973017,160.31592
20.023403,253.29419,44.326107,292.81116
0.0,256.44385,14.798645,290.59277
56.620075,89.146164,84.70537,129.66191
