51.28476,423.76874,73.61745,454.40833
81.20972,448.81995,103.629364,479.35925
50.787308,205.27936,75.86546,240.7283
46.935715,329.67203,69.82254,361.49252
82.58247,228.16663,107.288315,268.1355
26.076733,515.41187,49.463024,546.6887
112.112976,451.9376,137.95427,487.03116
0.0,519.72015,17.493801,549.11847
90.81217,580.9811,116.8375,616.7599
20.967472,384.95804,44.668423,414.14078
53.1541,603.2721,82.05838,638.4972
26.239262,54.569748,49.99522,89.04558
109.807434,326.7752,133.1175,362.53656
56.71856,29.598015,84.23789,68.25626
115.40187,142.21573,141.04427,178.68506
0.0,437.14313,14.073372,472.1363
89.89105,15.693359,118.478226,53.89637
