17.436653,370.9115,39.434208,403.97913
0.0,545.74976,23.221054,581.87476
2.0954456,4.469246,27.68785,40.52838
25.592579,108.13933,48.403683,143.90729
22.987541,476.86954,46.406616,511.629
84.878784,254.22604,109.00145,290.63943
29.29544,591.77234,52.571373,621.44336
51.287613,394.64703,75.60092,425.94305
48.455498,245.18416,70.839226,277.8432
120.254486,570.5549,144.6471,605.4528
18.005085,261.86017,41.15797,294.36115
53.222366,519.20605,78.91545,552.57446
111.02205,342.53513,138.14308,378.97433
90.14906,60.324306,114.89534,97.18756
111.68237,134.89545,136.10478,169.49646
0.11629677,141.18039,15.389167,178.55167
