115.864075,545.2621,139.33705,576.8705
118.53966,464.6588,141.11314,495.36633
0.0,563.7814,19.03014,593.0233
80.26294,405.2329,107.82025,444.8424
20.833246,479.89767,44.822105,510.72775
57.18544,600.7438,81.884155,635.9911
43.060616,279.8863,72.643654,323.92572
51.033188,436.7691,75.11325,470.21436
105.37631,296.06848,135.40323,335.9358
85.762054,556.94574,111.51715,587.86664
28.23877,564.1297,52.03177,595.22504
54.575043,52.96256,84.61954,93.83075
0.23468018,0.02632904,23.158504,18.91488
107.84515,79.72342,139.49005,123.930725
81.485916,207.9736,105.675095,245.91852
17.625275,57.60186,48.359932,100.32801
15.944427,249.46863,43.437767,288.86328
26.895859,0.0,57.10675,26.74741
0.14326954,338.18625,11.993982,379.99356
0.0,219.86218,12.522439,258.96082
