51.436226,412.18762,75.04802,450.90204
59.55564,595.25366,84.489845,630.9929
82.234276,233.40662,105.487114,268.55786
105.40086,440.2386,131.77008,476.57343
49.726692,245.7981,74.22008,284.22308
117.011536,606.9908,145.92294,640.0
27.775839,81.68504,52.390953,118.74562
51.086124,154.4614,78.19211,197.16678
86.620575,106.890366,112.24368,143.91512
0.18265533,46.451992,17.450264,91.124054
19.769836,193.37617,43.949493,228.96196
33.942276,0.0,56.649216,10.134722
92.548096,36.284904,118.54207,73.63026
0.0,278.25464,13.00899,310.54144
114.365295,125.74293,143.30447,176.17218
0.0570755,161.83041,15.890878,198.95908
