109.49219,295.4461,132.57007,331.2895
58.016594,552.7715,80.33517,582.5322
46.432457,310.461,69.85312,342.3167
26.642075,524.32996,49.54657,553.0553
10.258218,332.9702,38.937683,373.03162
0.19615555,53.344048,22.177216,101.590034
85.11636,408.72485,108.0988,441.989
89.81961,29.346148,116.55081,73.39491
91.266205,570.26373,115.25722,602.38654
51.871925,418.6849,74.60412,446.81168
117.55468,146.61131,141.39972,179.64732
50.650772,94.21202,81.32333,139.4745
126.727165,0.0,147.76312,9.442214
19.511297,0.1874733,61.337105,34.48195
33.63474,633.90656,54.879635,639.9025
0.0,289.17654,9.448402,322.0206
