68.02144,424.7729,94.162445,457.71185
113.22926,520.0482,141.56795,554.9845
19.369167,478.58844,43.36392,509.41693
114.40837,352.42838,136.85744,384.84012
78.999214,298.87335,102.98104,332.89105
27.380829,597.2003,51.954803,630.29407
85.87271,491.35077,109.60126,523.9441
117.687485,85.90442,144.23222,125.64317
48.198593,364.0,73.09778,398.61237
84.83761,552.77997,110.40389,585.0601
50.8405,555.2419,81.09775,593.0838
112.29205,604.86743,138.0333,636.50183
15.686431,102.11554,42.589806,136.1542
115.95009,224.22336,139.56638,256.3903
0.12487793,628.0758,22.733337,639.93933
44.758423,186.67606,76.70909,236.03568
1.9891243,265.10254,45.213943,329.255
79.90585,200.36139,104.839874,233.08209
