21.574509,272.5563,45.80008,308.51382
18.961666,375.7671,41.88963,404.94092
114.502396,386.16516,137.97694,420.9419
52.357887,423.33636,74.87435,450.8858
83.0193,180.78958,106.87877,216.49673
81.34741,478.01398,109.905304,522.1851
0.07714462,309.96716,14.942545,341.85974
80.19953,368.76917,103.931694,400.64893
19.059093,449.57556,44.247864,482.79675
0.08662033,529.8125,17.63066,560.7549
121.40144,563.21716,143.54381,592.4525
81.389496,270.06256,105.94809,303.373
84.92035,47.278458,111.49672,85.82048
33.61664,580.929,59.23195,613.4117
0.10631466,398.84882,15.575854,431.22076
52.65055,348.0464,75.19204,378.4049
0.0,106.90181,20.815033,144.82014
119.01996,160.557,144.67795,197.34491
1.8509102,17.578562,34.912525,53.66015
117.2351,101.203125,143.08191,136.7763
54.18718,502.51462,78.53639,532.03955
24.085718,533.56274,47.524757,563.62476
25.777592,102.21979,53.90778,139.57938
