81.01845,418.20605,103.97826,447.4887
0.048326492,393.12982,15.677509,422.5722
82.57396,511.2761,111.43359,547.2781
18.847162,132.21184,50.399666,187.88106
114.380615,376.7162,139.7041,410.99927
50.459023,473.56726,76.47499,507.1162
79.60507,244.50816,105.64786,286.41882
49.707443,603.52026,82.71513,640.0
46.573776,284.4724,73.31079,320.68323
115.74899,494.99908,140.82,527.3611
91.66643,26.635834,120.33975,68.614975
21.564518,279.70874,44.67523,310.22083
33.515038,604.7097,82.86991,639.9182
0.11906052,97.68848,15.876962,132.7731
55.915195,148.29826,80.275085,181.26942
30.225937,610.24817,73.58354,640.0
