49.801468,358.4933,74.737366,391.62323
124.860214,49.26479,147.03966,83.284744
14.891853,323.4182,43.7576,360.36102
0.27716064,587.1914,24.114922,621.88086
123.752174,608.415,149.31729,639.75836
116.93176,459.97375,141.71524,492.68353
26.375298,521.18787,50.33155,553.53064
0.0,179.49568,18.95022,223.73222
24.28779,67.10405,51.791985,108.60455
47.705513,217.47012,75.34755,256.41525
111.398254,328.3493,137.4415,360.18597
0.056865692,62.503456,20.235731,94.486275
117.644684,170.10658,142.56897,204.2206
89.74948,33.153976,117.07352,76.698456
76.6586,337.46393,104.18451,370.43884
82.976654,168.08221,107.68347,206.50238
58.834755,612.66907,83.62667,639.8967
54.46149,512.354,79.46188,546.24146
86.316154,497.62628,110.59568,530.07086
85.436424,436.20853,108.31707,465.38132
87.8535,589.6708,115.709274,627.54114
30.889133,623.1059,53.947453,639.77423
59.44631,44.339546,84.61098,81.657745
52.65329,150.56586,77.93294,186.67603
45.841812,416.7401,72.53197,454.2876
21.425,412.97,44.962917,444.89426
0.0,485.4016,13.277774,522.9916
111.019485,255.93677,135.91516,286.93494
24.387196,157.12248,49.937336,190.99104
0.0,413.83337,11.595633,445.79138
83.71716,254.66733,106.98233,287.446
