17.297432,331.37128,39.995712,363.59772
50.778786,188.59816,73.88475,222.25441
24.82359,529.85767,48.37434,560.25464
114.26158,458.69147,138.12955,492.32495
114.097595,209.57912,137.99327,243.7936
49.62879,478.2317,75.652245,512.48773
86.86104,531.1502,111.24147,563.9388
76.10745,379.86115,102.9026,414.91302
109.7849,348.87012,133.45439,384.59875
25.233576,150.40468,49.525673,183.23857
22.1834,443.7905,45.52151,474.49515
51.09295,356.40088,75.19224,389.73303
83.97311,189.53972,108.078285,223.50096
122.88316,592.98,147.82591,623.83105
0.2085867,111.94232,14.896877,146.56439
88.22677,83.565704,111.7963,119.32864
61.3095,2.3742104,88.37711,42.090675
0.0,399.05084,13.331469,440.01556
