79.13527,317.6007,103.12831,353.0548
23.402794,547.9409,50.03942,582.0648
115.273544,227.48145,139.33856,261.1728
121.80029,20.879442,147.31195,59.674957
84.58827,566.65784,115.23741,609.05066
0.2862091,11.2913475,25.270367,44.52278
1.6634789,608.49854,24.206905,639.49927
15.361542,330.48602,43.638454,366.7597
85.33594,477.4419,109.98749,512.7399
19.740143,471.0594,43.382843,500.69342
41.91645,370.172,65.43452,403.45117
51.44805,552.3511,81.00094,591.56445
53.9473,136.5185,77.22763,171.7461
82.05258,198.57507,108.53366,237.48645
122.15791,98.91235,145.75484,134.34674
22.342094,187.50699,46.97294,220.5936
68.17778,22.05075,94.759,58.85788
27.965187,44.111794,54.32006,77.76089
0.0,95.72812,14.762067,131.75038
0.0,316.24976,14.462746,356.8075
