80.76115,400.1824,105.86419,435.22403
98.6445,473.3368,127.975494,508.25464
51.995743,551.3269,78.9465,585.0337
26.907515,581.2726,52.283768,616.8972
46.138046,270.84525,73.92028,315.19357
0.048491478,536.1704,15.1058855,567.40283
18.696938,275.65677,41.038074,308.19223
111.26225,331.23642,136.87439,363.2728
15.708161,378.04724,40.86103,411.23816
0.05768776,122.08491,18.106863,155.92566
47.671013,375.13367,75.02401,412.6145
53.769684,153.67543,77.6254,193.63695
124.084206,23.975513,149.94742,61.78529
83.14426,233.27478,106.38965,262.38824
2.3249245,25.346504,28.093132,60.5773
83.67595,85.313065,109.5735,122.00981
113.92816,626.59015,142.82913,639.85187
112.9648,222.95181,138.48434,256.12576
