82.86099,331.80066,105.60776,364.0028
0.041700363,525.23474,18.709154,555.64734
112.5343,158.42151,138.93454,195.77142
20.04427,297.09717,43.522682,331.23547
16.503365,378.88007,44.835434,415.61932
90.02118,605.4237,115.26871,639.9005
120.41105,554.50037,148.37338,588.9042
22.651009,0.0,62.02558,39.140602
115.888306,446.10077,140.21164,477.59808
53.554893,448.50854,77.08019,480.04236
76.91136,216.14429,101.864395,249.47058
55.62632,538.2838,79.25471,571.98987
52.056282,132.99597,77.22234,168.97046
26.56748,586.8799,50.70054,619.45703
0.09740639,33.370506,22.728558,59.96183
0.09347916,21.212414,23.002453,59.162907
7.261307,0.22553253,27.880535,21.308147
