0.0,130.8562,19.351753,162.8288
116.79256,97.230835,143.0066,134.05557
0.0021591187,0.14529419,20.38293,30.595497
51.580757,443.91205,75.83473,478.7094
18.685581,287.23395,42.46738,320.65204
72.74239,215.73547,102.6285,254.89297
83.69159,497.5382,110.001526,530.3135
113.54474,286.55222,138.62067,321.56345
115.54448,538.24445,143.03908,573.49554
26.785904,601.8115,54.444176,638.92554
113.450424,216.08134,137.3517,249.83891
19.519207,401.69623,44.411884,434.55066
58.419754,543.9022,80.205215,574.9708
82.038956,356.4605,104.35252,388.2895
46.505394,332.80396,74.3005,368.91675
60.92199,0.032928467,87.130684,17.014107
32.980865,30.412445,57.30336,65.344315
115.84137,394.10236,139.01169,426.75226
0.0,402.79547,17.029377,437.3015
0.15241241,574.2041,20.684357,611.35425
94.5871,16.153294,120.01007,53.834705
91.56317,624.15625,116.49472,639.9568
