113.89418,360.72958,137.1606,395.68546
25.381985,543.3629,48.56101,574.5548
81.76443,459.2151,104.62209,491.2495
13.538112,286.96094,39.804523,319.0174
36.038864,457.30725,59.540558,491.07935
45.865875,379.56476,73.52087,416.9577
46.696106,263.67215,71.54854,298.3605
80.51795,288.14313,102.92898,323.11212
58.316277,0.0,85.44703,25.83128
118.973206,532.2971,142.77734,561.89746
115.28508,128.79407,139.7003,163.00912
30.223408,32.999535,54.468685,66.45249
48.13703,186.83447,72.43533,222.15125
84.89194,160.92447,109.446686,197.01688
0.0,208.57166,13.508773,249.38687
34.45574,626.33203,57.324883,639.8015
57.749573,100.06311,82.2489,132.04759
0.34641266,625.19696,24.048138,639.7691
