50.499496,324.2479,74.29172,356.75662
0.11458969,450.92737,16.122482,484.7384
113.8972,436.4201,138.39311,469.33197
112.500626,302.99432,137.62361,340.81464
0.07530594,543.7197,22.398788,575.9783
0.0,148.1821,16.484287,188.97433
26.417673,38.63674,52.48478,73.50161
78.47752,249.85382,105.153076,286.6629
89.54222,584.933,113.948135,616.494
78.98456,384.61127,104.390335,420.4804
51.160248,214.82669,75.391365,250.96036
26.608688,498.30576,47.991577,527.3812
52.701813,99.9559,79.7034,140.16379
122.906555,23.189028,150.00229,63.902496
23.009754,157.91309,50.16357,192.56802
119.43057,141.733,142.75885,176.34845
121.825066,629.3551,145.36981,639.86707
17.117628,399.4569,56.770645,435.9663
88.817,85.918106,112.81438,119.490906
0.0,343.1626,13.379953,381.4297
16.66013,398.54108,43.81198,435.13593
33.6547,418.5339,77.27507,494.84457
