2.8447495,219.17218,27.120775,259.203
123.76147,603.3241,148.95502,636.18884
107.410904,443.79755,135.06142,480.6479
0.0,484.0003,15.89525,522.9778
125.89631,0.11880875,155.05609,36.726334
79.14929,359.44437,104.99159,396.01816
101.17287,225.45142,131.05235,267.93182
14.826954,422.24652,41.01567,459.24213
58.18628,567.022,82.23161,599.9783
90.63684,0.0,117.83728,18.278831
44.988724,408.02905,73.86572,448.94904
86.069244,549.64215,113.31131,590.1534
0.06555748,374.1727,14.122224,411.67252
20.95741,137.06744,49.022766,177.92511
48.359886,184.86163,76.818794,222.3659
56.332596,10.874912,85.83923,52.364464
0.0,130.0989,15.919231,164.36319
