112.52951,363.18808,138.85924,404.02615
78.162094,276.31702,102.42903,311.39087
77.727936,393.77914,105.16379,430.46207
117.50017,547.6647,144.02971,583.34973
49.8126,383.10294,76.09552,418.63962
49.11669,186.37163,77.741035,229.38966
19.845287,238.51929,44.806988,272.0608
125.32216,0.0,149.39177,19.533571
110.877625,234.5485,136.91063,267.26608
20.734528,129.07779,48.603493,167.78317
55.12642,469.50537,77.569855,500.7527
88.701065,603.0548,114.22493,636.4343
53.582237,83.134476,79.98246,124.309586
121.16446,81.590866,144.89523,117.5231
56.513817,604.34174,80.336266,636.85187
14.722762,373.7998,38.70507,403.38354
86.37102,162.31659,112.40813,195.92929
88.59934,0.1869049,115.21262,33.743034
32.280678,18.863108,56.190697,50.638084
