0.3613491,0.21404266,26.092049,36.84546
13.627262,378.38242,43.18653,412.65372
122.69435,108.63765,143.99419,140.59279
109.48978,379.13324,137.33475,413.77795
115.63359,210.30756,138.78853,244.19785
0.2535534,533.5775,15.428711,570.2252
28.10169,565.2551,53.72709,597.74475
51.45215,399.07117,74.94257,432.44763
118.575134,508.18286,143.70316,540.1964
56.537758,99.33858,81.342766,134.70642
43.830833,272.91577,73.46151,308.2473
123.30587,0.0,153.99179,38.354626
30.763264,19.349058,55.851826,55.72621
89.32839,622.1256,116.63303,640.0
21.446383,121.81782,49.492188,162.79999
83.20845,303.9796,106.37784,334.48218
0.2272253,230.15753,14.700219,272.59198
88.46866,535.3398,112.19145,566.4062
58.451378,551.26355,82.298775,584.5382
51.59793,203.35043,75.51997,236.58664
0.09142494,109.23874,17.662,141.62613
87.547585,471.5855,109.56718,500.40625
59.52069,0.0,87.84946,26.943226
86.47185,86.72847,114.155594,128.97276
76.46833,375.086,103.811516,407.57507
0.071043015,466.67255,14.177197,496.52393
81.36144,220.50699,105.35056,258.48444
109.94559,303.3629,133.60822,335.9323
49.167213,459.40155,74.80129,496.63983
21.098146,212.66988,45.885696,245.71254
21.893642,457.18094,47.157986,488.87656
