111.03055,270.69202,138.01059,306.08472
0.10015488,6.3357124,22.36185,45.451614
50.744553,280.25543,74.58685,313.09845
19.058151,339.2732,42.730774,372.4685
16.655529,194.8494,41.752415,226.17755
116.02985,152.57236,139.72552,188.6619
48.59671,353.059,73.497856,387.44815
79.63158,402.13156,104.20993,436.309
58.400307,547.5477,80.1348,578.84827
112.07176,424.59467,136.5488,458.68927
125.05584,37.605064,148.76978,74.963936
81.593506,465.2152,107.27809,496.36725
79.9413,350.01434,103.219025,382.9969
20.043259,262.83105,43.830956,294.93304
0.0474205,143.49338,16.695606,179.95755
116.87955,582.0067,142.26166,617.056
48.94342,414.26163,73.09491,446.3842
91.76825,46.337517,115.03497,78.66857
89.80783,603.55774,116.06642,639.55676
22.19429,532.7167,47.62207,568.7611
52.26836,146.61433,79.98488,183.41145
81.58896,256.6823,104.2637,288.01727
59.821945,23.111977,85.11708,59.397415
84.502945,165.34598,108.3994,199.32712
27.606976,604.7045,52.824078,639.7984
0.0,548.36304,15.2637205,580.26025
50.74054,473.40497,74.4519,505.7409
20.839584,473.464,46.015076,505.52502
0.0,239.43575,12.603384,275.9643
