84.00305,126.24194,108.88922,159.41708
115.76123,449.16794,140.31528,481.33566
0.5375347,20.781813,25.7789,62.87207
20.152273,271.31924,45.747475,306.42648
80.372025,359.1388,102.56734,390.20178
112.43996,312.19815,136.13106,347.0524
51.392967,145.97778,76.48356,183.38263
43.58174,331.0417,72.553055,368.15613
48.74833,481.09955,76.58363,521.62976
85.775154,472.085,109.23322,502.83316
30.329556,47.986996,57.039387,82.54993
24.337082,510.16455,48.35517,541.1935
0.0,212.87378,14.2956705,246.00177
120.451,0.87815475,146.82532,40.606464
0.111925125,499.49774,15.681574,526.6474
91.088425,611.46783,114.44707,639.7753
117.15799,603.49316,145.28967,639.01416
57.56146,613.75696,82.88986,639.7384
0.0,315.40417,11.220012,348.8579
90.8398,0.0,117.62837,20.601942
