93.43338,618.0381,117.47031,639.88257
28.524319,606.2936,52.873516,636.8436
57.160015,552.83295,79.611465,583.26935
54.07289,445.68698,77.18686,475.24356
44.34317,248.85336,74.22679,295.06314
0.11858559,433.88385,15.245823,468.88763
107.99573,410.36975,131.5404,441.8629
0.055215836,258.7124,16.868948,290.44556
85.530754,468.6352,109.43572,502.5605
21.382565,476.83612,47.870304,513.0489
81.12857,293.69205,104.748764,326.3137
0.0,20.40487,23.650955,103.33862
58.262383,46.7676,84.94308,86.60995
17.896652,331.44855,40.52889,360.8459
29.787205,97.984604,54.580357,133.1529
122.55841,531.52405,144.63528,562.25793
121.47786,37.251266,144.7372,71.96567
95.431046,0.0,119.09721,11.86141
0.013559341,121.270325,19.846813,144.27808
