113.57143,331.40155,137.94429,365.08344
19.430244,405.07343,44.228466,440.0102
82.82846,480.7645,104.287125,507.93338
51.12684,260.6613,74.8049,294.89005
116.54767,469.96484,140.05301,503.6244
20.811745,245.71227,45.242424,280.50623
113.526474,159.19861,140.75479,196.17542
83.42815,137.30519,109.69005,175.03136
55.72149,106.45732,81.44749,144.14174
49.177933,478.7351,74.271614,511.70215
25.974785,147.7402,48.062187,186.0618
27.32415,581.04846,52.766235,618.1947
0.0,456.5631,18.300148,486.42688
0.0,594.01904,20.159088,625.90625
80.02066,375.52557,103.150696,408.6446
0.04369068,152.84073,14.686467,187.72849
124.73753,580.6159,148.2304,611.7828
87.9995,569.0403,111.54329,600.28076
0.0,336.49344,9.254108,368.4741
