125.10616,29.599293,148.75076,63.004078
0.13649368,572.65137,20.982208,607.5161
122.4526,593.028,147.5126,625.06464
49.73049,344.78522,74.004265,378.625
16.08039,306.66327,43.354492,342.4776
25.217026,50.85831,52.414246,91.69113
0.0,165.81143,20.186718,208.78159
85.55525,425.44794,107.467514,454.9626
30.068157,610.32935,53.80286,639.7671
116.015335,444.97235,141.11693,476.45856
25.955307,508.63226,51.18505,540.6849
58.74663,602.50574,83.3076,632.89685
0.120809555,46.063698,20.592434,79.262
85.877304,486.79602,109.01991,518.53436
117.831085,154.97012,142.35742,189.66556
54.974354,499.23123,78.56334,534.00635
76.941025,324.20242,103.865585,358.6641
88.18182,580.9042,114.70114,615.3097
109.41586,312.34003,137.57709,345.19196
47.905533,201.04303,75.81265,240.78351
25.335457,140.51007,49.96972,175.1178
89.613205,14.781107,118.84743,59.96189
113.52054,240.71466,136.74496,271.8164
54.55485,134.11021,78.7711,169.48174
83.61351,151.86642,109.06543,189.24982
44.766647,402.90063,73.340485,441.01978
19.946827,398.6306,43.559032,431.50317
60.703964,27.0196,86.038635,64.97986
84.19663,239.54633,107.18156,270.3401
0.0,470.6164,11.939766,506.80255
