16.912815,363.90173,39.629066,397.69763
90.643616,607.2866,116.094025,640.0
0.48932076,44.795662,25.026058,79.79363
80.829346,428.75934,104.90643,460.37518
108.49225,370.4003,131.7662,401.37314
48.572624,391.07993,71.343475,423.9681
50.882607,468.02753,75.77642,500.68976
77.40364,309.3802,100.93828,340.4494
22.855314,537.48474,46.664978,572.01953
120.44385,585.6492,146.25479,619.301
20.094229,204.70355,46.667717,240.5332
116.93063,150.0134,140.69318,185.14706
0.0,187.45865,16.629269,221.46347
58.566544,615.598,83.117386,639.94775
33.147453,28.365545,56.029335,63.19123
89.64488,66.19696,113.72649,103.7258
84.85013,161.02438,109.10312,198.01096
50.824394,166.81287,79.46804,206.59183
