113.989105,174.63687,139.66776,212.78787
18.32994,360.66922,43.354824,396.45078
0.0,506.4197,17.434341,540.54517
113.91528,411.36273,139.1479,446.42596
118.519104,519.1073,143.29303,552.69617
80.81421,461.37576,106.91678,497.6824
85.8576,202.25876,107.49349,233.23013
57.71151,550.124,80.346016,583.32117
112.77606,344.74316,136.33322,377.1383
0.0,327.53558,15.558485,358.04913
82.95296,379.77618,107.77632,413.7049
4.0557137,210.8829,32.29675,261.90762
43.46991,432.15677,75.95335,475.21487
21.148746,442.5213,44.65794,475.97162
