13.81942,461.50842,47.797768,515.68494
50.003464,388.5086,73.82132,422.1501
0.086948395,567.199,22.836205,598.10156
19.800259,248.78818,42.39822,277.45615
115.164566,483.27557,138.73509,515.8179
49.607338,176.6629,74.59109,216.21796
82.229385,463.78683,106.21503,494.45413
116.593994,555.53,141.26715,584.6492
76.15028,333.35962,105.75026,381.24255
88.28917,571.49005,112.285934,603.8796
48.41716,292.6371,72.67711,332.0985
55.20746,488.6872,77.634186,518.3698
82.77729,96.4025,112.00977,146.47508
21.955566,91.5661,54.762383,138.71266
114.041885,171.98303,139.32863,209.91833
58.567287,53.4084,83.155945,92.026535
0.0,83.94644,15.161594,119.01811
0.14604568,229.57785,14.198469,266.55972
109.69951,329.96594,136.13768,362.01733
0.0,414.61053,12.035717,445.33588
0.34166527,632.19446,22.222479,639.9303
