48.275917,233.7667,74.23883,271.1379
17.799587,331.7661,42.704094,366.0376
81.56117,179.87515,105.18796,210.16196
77.65853,442.70932,106.576195,483.0245
42.790497,383.8951,70.19565,425.64352
21.98246,475.0677,46.764786,508.73535
117.83642,146.8616,143.32056,183.13919
0.12070608,137.40488,16.097471,169.72632
87.21023,541.6427,111.19013,575.4675
112.37627,276.0017,136.76717,310.6601
77.968094,281.8662,105.34459,320.3719
120.07542,467.7251,142.78165,495.20544
119.29982,624.10425,144.4553,639.8248
90.085144,0.023487091,118.9767,34.0875
28.629133,39.02104,53.708817,72.4937
59.401726,8.923264,89.96708,50.08825
0.23846436,28.217346,20.365341,68.67318
