76.416534,330.24762,105.01581,375.9759
45.79326,378.7484,70.614746,415.24463
83.690704,546.2136,113.80646,589.17993
50.3973,272.61148,73.37179,306.69742
0.011350632,149.41849,17.687796,182.19888
59.142937,584.6803,82.88731,616.7301
19.584686,425.15225,39.664787,452.10422
84.09796,177.40204,107.64456,207.10541
52.34465,483.88214,76.82103,519.3132
13.518539,285.0667,46.37705,328.87714
112.65311,408.76862,138.1735,444.47052
0.12609673,594.6994,22.783401,624.58673
123.374176,36.08358,147.76254,74.2743
0.013650894,421.41122,13.869221,455.77322
88.362175,55.822094,116.732414,97.6819
119.08904,549.6405,144.17065,581.4481
55.03746,164.08612,77.93919,197.55737
25.082724,163.10034,49.7257,195.9925
59.60688,26.300179,85.54241,63.45672
