19.247017,222.52353,44.172993,257.1185
25.320732,105.285645,51.13823,141.88918
0.0,611.29236,20.97787,639.65076
58.675877,559.6213,81.59589,590.7198
88.71266,539.84326,111.661026,571.4099
22.532387,442.24274,46.57624,474.57275
47.72178,304.10834,71.57714,336.48907
79.06743,344.4705,101.93088,375.8716
51.927505,435.96042,76.72777,468.43948
120.70913,91.03363,145.38443,127.067444
115.471954,376.97745,138.88649,410.83127
92.152725,0.0,116.30467,16.453268
59.780212,69.11008,83.08298,109.35376
110.19806,240.39957,137.89487,280.53683
26.995209,543.3346,52.95871,576.42126
0.0,266.4996,14.062243,332.18594
