108.466034,279.10333,137.24146,323.6308
0.281044,0.12752533,23.993412,32.05486
88.81024,550.2634,112.53873,585.0083
57.77728,520.6682,81.5083,551.0615
31.311592,12.229187,57.146698,50.746346
114.79648,92.67674,138.65396,129.11601
115.55145,422.80966,140.20638,457.60477
82.18143,227.17313,105.14807,260.84918
51.58097,410.47595,74.20749,442.1311
118.552986,543.6633,144.30988,575.45337
107.18274,3.3128815,136.66882,39.98696
36.423023,115.506485,63.847904,149.53981
20.242586,406.46735,44.360596,436.2569
0.0,466.95673,11.159414,499.06964
