18.17461,421.2079,42.818813,453.79077
82.89929,455.48495,107.23189,483.93375
111.64789,284.5373,137.49713,320.09076
86.38187,591.31805,114.09412,630.043
115.81419,504.32947,143.54097,540.2317
18.443474,348.05377,42.3506,379.94965
55.304996,543.2254,80.890564,573.7205
0.0,21.182228,19.799015,59.70732
45.92137,263.97015,74.990204,301.09717
0.0724926,195.7385,17.789396,227.42783
81.5132,369.53787,104.27821,400.13882
49.295326,335.9568,73.98252,368.6571
115.722565,218.44789,140.06319,251.71803
56.98124,70.674164,83.27593,109.95364
52.92285,419.748,74.99426,449.1756
121.07616,66.84148,146.60625,106.9955
16.562012,483.14612,47.110825,524.5646
27.162842,566.41345,52.96276,604.9005
26.328127,104.543655,49.8795,137.28424
77.967316,283.23312,104.701965,317.81973
83.6559,192.98784,107.38875,227.81184
0.044312477,108.50026,14.754705,141.55434
52.187767,217.74982,74.98011,245.69812
24.151466,156.66599,49.842773,192.74503
20.12854,244.79118,42.306023,276.46368
118.24107,148.6458,142.2231,180.78862
56.14655,139.26993,80.52704,173.35184
64.17168,0.0,118.62056,39.49549
