28.782988,71.64734,56.64583,108.82623
24.560242,185.28464,47.553566,217.6282
92.04913,4.7734947,117.27991,41.823345
79.52408,270.76544,104.68155,306.2409
0.0,496.26727,20.35236,529.01544
114.914856,229.73984,139.53351,262.37613
113.51471,384.23798,137.22632,416.3246
61.174873,25.947063,85.51005,63.57024
44.493355,420.82434,69.91304,454.87872
46.191063,247.86667,69.80591,281.63297
0.0,157.27344,16.170813,190.69885
76.17258,381.5501,104.82187,422.35175
86.084915,479.68182,110.34825,514.3247
91.40494,609.2959,115.17584,639.9519
59.671024,595.38135,87.8194,636.67944
13.566334,558.94305,53.04243,610.81647
