116.04924,523.89795,140.28465,558.7991
82.64717,194.06592,105.854324,229.10617
50.995857,260.17688,73.96651,292.18274
20.559517,394.40567,45.360405,427.27298
0.0,121.998604,16.352686,166.55157
120.32007,1.7179794,150.3305,44.19186
18.868484,251.802,42.039787,282.64807
56.55242,104.98566,81.454735,142.34067
104.43411,241.36761,133.32684,282.4254
0.21882439,570.6435,23.528397,611.9212
78.76759,430.88812,104.51634,467.1176
92.38422,28.182816,117.90811,64.004105
0.17181969,599.2098,22.623426,640.0
0.049276352,309.10132,9.596081,345.31006
