114.244064,380.39697,137.86543,411.8617
90.36278,594.6568,115.55766,628.279
22.749311,468.4984,46.34555,498.51025
26.05283,535.38464,48.60027,564.8036
56.546196,474.6988,79.6395,505.8593
55.511627,553.15533,79.46069,584.0894
81.25751,352.30756,106.036804,384.13446
118.089195,505.56543,143.05026,536.0563
0.0,20.53788,17.327278,56.23703
46.53701,360.9927,71.598274,394.88138
78.78789,271.87695,105.17839,307.38892
112.4131,300.62933,138.20753,337.16437
86.99848,478.46747,109.40067,509.14996
52.333275,134.53929,78.9952,176.5259
0.15307236,179.27063,20.28965,216.71628
115.99393,119.66345,142.4331,159.0863
92.25156,11.206181,120.52026,51.937122
26.896547,55.055794,51.42621,92.52126
0.0,101.85176,17.470304,137.45499
83.97772,184.45892,107.79184,219.47223
86.2027,108.88655,110.43201,142.00758
116.04802,241.0293,140.50215,270.5417
47.04734,268.2215,71.620094,302.0218
0.0,367.4781,13.579351,406.0069
0.0,441.6057,10.937151,472.68158
26.696922,110.70497,51.180748,144.8811
