0.0,130.59091,17.666265,165.8381
111.12555,371.6565,136.27654,407.80176
0.33423233,0.4549036,23.398476,32.183746
124.64813,3.7951698,154.15796,43.516216
117.14406,490.65405,140.16838,519.391
76.14984,350.25818,105.4182,393.06122
51.944756,425.4879,74.99909,455.3368
18.906403,254.67773,41.9684,285.72034
54.618217,208.01953,80.81994,243.90448
21.290936,192.87222,46.81651,226.54733
27.579136,563.6221,54.648,597.0725
0.041700363,54.704304,19.807512,87.55473
81.1732,476.13318,107.48033,510.91797
21.863375,451.54083,47.42639,484.8742
49.345093,275.13867,74.2573,312.7661
29.533485,623.636,55.44464,639.89404
1.4826317,578.57544,23.307058,606.9214
82.11026,236.02008,105.9247,272.1946
114.45555,222.7154,139.70673,256.83334
122.23955,58.44,147.44588,99.89145
28.09079,1.6566124,57.562782,42.21494
24.441158,83.66697,49.379337,119.830894
19.349253,294.04242,46.517128,332.1419
82.57299,161.03094,107.3081,200.92792
0.07730293,478.72443,14.255405,509.74323
89.1039,570.4874,112.60423,601.1034
20.180523,414.8898,42.840237,446.0718
58.612442,554.45154,81.07785,584.54553
22.935036,509.86084,47.021637,539.40173
85.91856,69.13818,111.943306,105.63199
118.00526,149.44916,142.91101,185.50201
0.048072815,227.47952,13.234808,258.93472
120.74097,581.1804,143.94711,612.64954
57.266926,120.16029,81.2314,154.0233
