83.75219,464.08636,107.96311,499.90717
19.368721,439.3431,43.1238,473.06955
114.85004,283.36957,137.82428,316.76654
17.167572,233.26208,44.88887,272.02216
114.07059,397.3911,139.88376,433.57898
88.59056,163.15125,114.34471,197.59332
0.11051941,128.0896,14.993498,162.55658
48.085,379.69446,71.849106,414.151
88.29002,36.13298,115.210495,75.08147
27.746298,602.8576,51.7414,632.21075
52.48622,280.2345,76.38246,314.61694
123.71829,600.7561,146.77396,631.9717
25.659248,155.74147,48.682777,188.7069
123.40289,0.0,145.60855,10.005129
0.0,507.26154,13.811972,540.1696
0.0,389.9173,11.798152,419.89093
