0.2817459,417.89807,33.985016,476.7671
51.716278,401.0321,75.27907,436.25482
88.99489,538.85486,112.03836,571.3092
82.39891,236.78311,106.42024,269.9138
113.05261,372.59222,136.34496,404.04407
48.769318,203.68777,75.42663,244.81238
82.70185,435.98657,104.83192,464.03442
26.451378,492.6798,47.55091,521.7992
56.584255,552.7699,79.722015,582.48206
115.3194,232.20334,139.72252,262.95145
0.16079712,157.07693,18.967197,194.22003
0.0,267.46075,25.357147,327.0348
88.91925,104.439514,114.138855,143.48438
23.294909,542.80457,47.87387,577.42737
122.63225,0.0,150.9373,22.058826
56.286453,0.092803955,84.81583,31.852951
91.352554,0.0,120.70439,27.482403
