30.83146,0.21686554,57.475227,32.654293
49.726326,384.87384,71.920265,415.39508
96.54599,0.060289383,120.25879,22.137962
79.408676,352.2272,105.1443,386.57816
19.381662,469.94037,44.705894,501.79333
82.79325,206.943,104.81054,239.33127
109.79927,242.04036,134.11748,277.1026
109.282135,433.05963,136.67036,467.95013
90.52513,601.34766,117.84178,638.1035
0.16843605,498.13666,15.240575,528.0047
113.07539,491.45776,136.84135,523.3749
54.219604,492.13666,76.864685,522.86566
91.25011,85.77989,115.66109,120.500534
75.45134,463.2967,104.82381,504.5556
49.83117,147.38002,75.8893,188.10219
116.88896,95.705246,142.46098,134.31947
52.02308,614.3673,79.48708,639.8268
22.53061,565.7899,49.700676,602.2616
68.373215,292.32208,92.8177,320.1678
20.336824,150.86133,47.56775,186.8169
0.0,197.6543,13.317833,228.88855
