19.063255,285.70453,41.425346,319.11102
80.38848,345.59894,105.598595,381.8681
0.0,593.82263,16.313587,622.869
111.46153,227.0091,136.56639,263.31976
91.06443,486.4165,115.70043,517.60626
23.847717,554.4071,46.196854,584.6969
45.613396,384.00446,72.67167,419.54462
56.798824,70.58211,79.76849,106.14554
91.76325,0.0,118.06846,17.608267
83.49652,176.92511,106.74957,211.40198
21.177069,148.29803,46.32847,180.76367
51.91533,182.12463,74.70114,216.04013
119.34477,53.476185,144.23866,92.79967
41.290527,628.47864,63.55768,639.91187
119.71164,617.7456,144.90076,639.5657
0.09413624,238.11893,14.433074,274.06113
0.0,451.9712,11.971775,483.54187
