0.22108269,595.02734,21.245985,630.6941
108.576996,242.0365,138.99936,283.94043
23.292406,498.9208,47.645676,529.173
114.2442,315.4245,138.61655,346.45245
118.195175,498.60138,141.04088,525.0732
0.050682068,528.51514,17.329418,559.10657
81.410706,463.16058,107.77815,495.18884
24.951756,570.8501,51.1216,605.8059
121.575775,75.46068,145.57846,110.43785
52.860023,422.67056,76.93453,455.21182
120.46771,579.8601,146.65216,612.7412
112.88452,429.73346,137.50949,461.69666
19.642406,314.56885,43.524834,349.19373
81.058014,204.96727,104.883026,241.27797
58.846935,542.6338,82.43379,572.4741
2.1737442,0.0,49.150505,60.593517
19.835205,424.756,44.74575,456.28305
26.283684,64.10869,52.801018,100.100235
30.97345,611.1898,53.748955,639.68555
79.99364,407.11865,103.48503,439.2627
121.91821,162.00827,146.3099,197.18741
61.48937,0.3907547,87.99342,35.30616
20.20301,370.85703,44.62567,401.07278
112.21448,373.58026,138.8541,406.5744
58.895782,579.418,80.6689,607.24786
85.7621,536.8833,111.8116,568.80005
46.362167,268.0969,74.53622,304.8893
21.30642,187.72151,45.91461,221.46605
