76.54555,338.74658,106.633865,381.74963
37.349403,348.77417,74.209595,396.84485
27.647385,621.2624,54.547256,639.9554
0.0,513.9187,16.944988,544.78174
19.26453,414.7348,43.571743,445.57776
81.54891,208.40323,108.73739,244.71277
117.69851,564.2779,146.1987,599.8172
115.64984,270.0749,137.81479,303.02045
86.36189,429.99734,109.10475,460.04007
0.136549,597.51013,19.535936,629.0399
117.37546,468.40576,140.84274,499.50696
20.382513,300.36066,43.931725,333.68164
0.39089775,49.006958,24.692144,81.62096
122.100624,56.63275,147.82285,93.42517
54.97731,482.60822,77.6727,512.8233
119.54611,146.98108,144.41995,184.93091
89.86763,91.886734,113.40936,128.97784
0.2315731,376.80426,15.057231,408.6933
27.768215,83.16434,52.278347,117.62601
55.760933,197.88675,78.87316,231.69208
0.045804977,203.60403,12.695316,236.55026
0.0007991791,259.04803,11.784506,293.60358
0.06663895,304.66998,13.8901615,337.9754
