0.59404945,3.3961334,24.029587,42.380722
51.31006,261.87952,75.47368,302.7473
80.01019,506.31754,107.602295,541.72864
51.817055,454.2505,76.82621,489.75525
111.852356,440.67282,139.29881,476.47318
58.70149,0.009628296,86.407394,35.96994
102.504135,277.0982,131.17195,315.95502
117.45946,595.9381,141.48409,627.7904
0.0,484.21497,16.322018,515.6847
24.959469,537.7302,48.142536,569.2346
57.39148,597.3268,80.62103,632.0675
90.145805,69.44652,114.20631,108.31242
0.0,128.3729,17.609404,161.7413
55.366455,86.46158,82.37715,127.83533
56.017517,529.33984,79.03052,557.6741
27.59681,35.81697,53.331482,73.32152
