83.47131,200.21106,108.480865,236.52582
113.25487,222.5715,136.36537,256.40793
0.1920948,0.24114227,26.143732,37.742332
0.11739349,623.1908,21.925682,639.8406
43.44954,494.52872,81.60042,552.49304
74.188446,368.0229,102.60419,407.73785
4.222946,295.1341,46.783073,360.9604
0.07809448,112.53467,19.09372,146.39389
20.406715,134.7938,45.83471,169.4541
116.05737,384.37955,139.22453,418.2949
86.43825,519.8196,110.91408,549.5029
21.719795,467.8053,46.66075,502.18823
107.32514,0.0,127.42939,5.939562
0.0,422.09973,12.08145,454.7677
