0.0,498.6623,18.35733,533.0278
77.24173,372.77924,106.672455,411.1297
120.62297,544.9457,146.40178,574.1881
17.129185,265.77173,42.111588,299.33398
84.80635,563.9585,111.93605,598.19324
89.61589,619.2012,116.103775,640.0
18.205318,436.80902,41.498577,468.67584
26.4878,578.93445,48.788033,608.3124
78.800224,250.6435,103.84379,285.5174
46.69394,282.3993,73.06737,316.79974
109.02046,439.15265,137.84016,479.49115
115.4623,131.37091,144.04599,172.66656
23.421547,495.8205,47.36194,523.86017
75.91556,321.51382,100.71414,355.57254
115.521454,272.71512,138.96947,307.7416
22.982952,131.98987,48.353107,167.68512
56.940636,578.96313,83.00901,609.26294
116.6187,204.11882,139.43303,235.96
48.132584,241.96771,73.8965,276.0863
122.59155,57.581345,150.3584,99.88016
0.28566742,10.43199,21.014153,56.687805
88.173065,513.1359,112.295105,544.0008
82.553955,155.00687,107.99432,187.75803
53.786167,443.3076,81.35712,474.30777
123.74167,0.0,148.4914,19.478607
81.826096,443.8103,107.09682,477.55267
51.176506,187.24771,74.525276,218.87509
0.0,168.44308,22.834862,263.6998
