42.030975,308.43008,70.86299,349.25656
82.36978,201.25433,107.180756,237.28552
26.495121,100.49103,50.77532,137.55856
24.45121,533.85675,50.25287,567.2154
113.758194,163.12827,139.07878,199.20084
90.46187,35.41591,116.50227,72.75023
0.06838226,588.1006,21.16019,620.53186
33.81682,0.0,59.73462,22.150597
75.28383,408.41516,103.536316,448.0056
112.12607,423.20322,139.11655,461.69595
84.73436,505.46268,109.34929,537.1626
17.064949,417.69812,44.57904,457.89148
0.0,482.37225,13.864202,519.7592
0.12431145,297.4865,14.223415,339.15387
21.661026,282.6894,44.216072,314.43158
55.828835,145.63809,80.63392,181.04617
88.1676,573.8802,114.000046,609.5832
50.243156,426.63022,75.070724,457.50974
59.182274,613.867,84.14417,639.51874
118.50929,626.57196,148.2527,639.83514
