48.104477,408.62366,71.66995,440.6364
0.6040306,604.3009,25.979897,640.0
112.242386,191.54791,141.1577,235.18005
80.599014,315.9463,105.23126,347.92566
116.59679,562.2313,141.49675,596.5619
83.50978,422.09442,106.730286,454.98285
58.14908,37.655975,82.30289,78.17967
19.834476,376.01822,42.73359,407.1724
59.059593,555.28064,82.7878,588.7001
24.708458,531.9122,49.294823,563.128
114.76759,438.81708,139.33498,470.50598
51.660835,239.63339,78.61054,276.41635
88.33403,84.26381,112.97078,125.58168
23.307903,148.954,46.243984,183.00551
86.74795,604.1864,114.58733,639.07605
0.0,339.5683,9.009333,370.60968
