49.03875,249.29877,72.67355,283.52032
108.614685,305.2489,136.97806,344.95728
15.433567,278.16553,36.64018,308.77307
46.906784,361.76874,70.178764,393.22662
27.136858,496.96008,49.15692,525.58203
121.00879,58.475452,148.56506,98.56621
0.0,588.2923,18.982738,619.3714
81.796936,497.01147,108.36044,534.9353
119.005005,522.3113,143.919,555.63916
0.0,88.72967,19.241444,125.97285
81.77783,198.92279,105.72197,233.16968
79.12924,344.6557,102.59769,376.59552
95.75952,0.027944565,119.80644,16.331099
21.98055,406.9729,44.465614,434.40662
122.654816,600.79443,149.32025,634.09155
20.56467,147.62039,45.36848,182.67722
27.14468,579.0698,53.184048,640.0
52.212185,508.09015,80.05768,546.3038
31.765827,0.2404728,56.98184,30.569523
90.67327,626.32654,114.61288,639.90063
55.087513,77.77942,83.56285,117.19684
0.0,192.20506,9.549492,221.94017
89.75694,82.655365,114.13937,116.512054
