51.248047,475.89618,74.43893,507.12152
19.727531,227.27524,42.787636,260.91312
108.88281,267.83057,137.46759,310.32007
50.58143,313.60193,76.64352,349.0381
116.48623,508.2196,140.28311,540.0477
83.660446,166.75957,109.05626,205.58357
80.98407,388.93237,105.44467,420.51477
62.055603,619.3879,86.59741,639.8632
86.79233,495.50983,109.449295,527.3804
124.26854,0.0,151.30803,24.010849
52.7937,119.08548,78.694275,158.2062
21.344162,446.5539,44.318558,476.125
28.22079,597.17285,53.666027,629.1416
59.069733,0.0,87.16821,25.84663
26.262367,27.919128,53.502045,68.78085
119.93765,629.44104,142.59995,639.8751
0.0,410.95853,10.81983,440.5616
