111.4292,289.29614,136.99406,324.20557
46.367615,226.2875,72.4122,263.0712
0.23428345,60.71486,20.236303,102.08626
57.972015,64.79367,83.86076,101.96977
114.86075,173.5943,139.07782,210.29572
22.643326,484.85443,45.311455,515.38434
78.366425,276.6846,103.053406,314.51224
114.21617,437.39017,141.0146,474.0211
13.185444,306.6408,36.96542,340.2613
85.33179,434.89908,108.55774,466.5496
57.967453,592.63257,87.61168,630.8928
27.97432,568.77057,51.827972,600.71356
0.0,463.19644,12.191846,494.61398
0.0,210.41351,12.119237,243.77283
0.0,370.6009,10.66931,400.57147
