123.1178,590.498,145.8616,619.1755
113.786026,368.84613,137.93745,400.5016
0.2342701,584.54156,23.264954,615.0235
17.720917,355.49097,44.174377,394.37927
116.360886,522.05444,145.76155,559.3926
20.699272,453.0327,48.929985,490.29602
114.3076,208.79373,140.11993,247.03967
87.55118,593.41235,115.43353,630.3074
89.32454,0.051856995,120.015396,36.8338
50.6382,408.07892,74.370514,439.31738
115.4355,454.12668,141.64879,488.47745
80.76416,427.35736,107.449234,463.25458
20.647278,136.3754,50.144287,172.33249
24.707527,532.2495,49.27775,563.8884
57.933243,123.466934,81.41652,157.26149
84.96057,491.31586,109.24928,522.4407
116.784195,81.65251,143.60646,120.12331
83.465614,193.36002,107.13871,224.46109
0.069633484,62.320152,20.157513,96.80494
12.631645,226.33105,47.56562,270.49884
58.116867,53.853333,84.27344,92.82367
0.12401867,497.88248,15.938155,530.82043
28.231422,20.661354,55.349915,57.164307
74.010445,301.28055,103.22286,341.6785
54.87516,526.7257,81.37292,559.59607
90.17511,97.24887,113.97131,130.01733
49.61913,301.45746,82.95848,334.472
50.92778,232.38568,76.00206,265.16315
61.04813,628.1853,84.71649,639.9802
