86.13138,563.662,112.034454,598.8701
112.475494,331.88568,136.39743,364.30493
24.287237,531.7844,49.55584,565.24194
54.63396,132.27112,77.9005,166.93494
51.031303,296.90802,74.596924,328.0943
112.35916,190.36562,137.34238,228.84447
79.90319,337.2835,103.35432,369.31708
19.206474,290.2418,41.36287,320.39664
79.10084,253.00562,103.37444,290.9925
0.0,67.32257,16.650394,103.612335
26.604736,115.19198,51.50895,149.15176
58.069496,40.961166,83.49174,82.85127
0.006380081,0.0,20.98655,23.584858
0.0,378.9512,13.997084,413.8353
83.99747,138.74213,108.217834,171.64215
74.02562,0.0,120.432434,33.260986
