76.16223,387.88367,106.070435,431.26025
112.18596,413.23038,136.0429,448.356
54.470146,243.40472,78.855736,279.26477
81.58542,272.56384,106.539795,308.3291
26.796267,39.412247,54.729782,79.042206
125.2171,22.232033,153.96472,61.156776
83.97078,507.79398,110.343094,542.6323
113.988205,261.6269,138.62854,295.44196
121.479004,74.09389,147.92395,114.689606
44.740204,307.6087,75.104294,348.008
54.191826,459.2755,76.78643,489.97894
0.0,161.67682,17.134031,196.94617
63.979557,7.247429,87.94653,43.472267
2.2583904,604.3955,24.648033,634.7621
0.038505554,33.811073,18.786915,68.225876
91.24983,594.4282,114.23776,625.5835
20.225388,215.62434,46.268417,247.31755
0.0,511.79022,15.957756,542.6622
116.914474,183.44693,140.78847,215.55875
25.222847,533.13727,48.439888,563.94977
83.33446,100.51477,109.746475,135.22406
20.593391,441.2497,47.967796,475.71063
27.957039,583.8491,56.081924,617.61743
18.455147,276.80212,42.139904,307.96198
0.13412094,88.53962,18.067173,120.53785
118.40916,523.52716,143.09006,551.7032
93.00772,0.23727417,122.289276,32.40093
121.16539,612.1013,145.84377,640.0
18.308723,322.0435,48.64231,360.85953
22.90035,111.79265,47.052864,148.36531
53.481293,527.94763,79.56125,562.0228
59.794586,588.016,84.86861,618.6676
81.9861,195.45842,106.00435,236.03773
