113.93837,193.21231,137.65422,229.67532
48.70997,428.59473,71.87972,460.69067
22.024134,486.20117,45.610954,516.05853
79.71901,409.2448,106.83978,449.02057
46.95082,314.63422,70.086716,346.03558
120.59728,555.47986,144.33417,584.51624
51.58557,217.77534,74.73682,248.57344
0.014260292,490.9901,15.597416,522.18616
0.030635834,192.55338,16.915825,230.25076
24.612707,75.87465,51.764305,113.29213
0.27132607,620.6304,23.406698,639.7887
56.84465,104.581085,82.5076,144.18758
75.79605,286.7718,99.10742,321.2575
54.16346,599.2855,87.25472,640.0
85.220184,138.00555,110.956985,172.13727
0.31900024,14.623676,22.030647,56.30717
30.273415,572.2171,53.533356,603.63605
118.55033,34.739822,146.1979,72.68859
