112.81746,445.70914,138.46071,479.1168
84.552,550.58105,110.81769,582.9949
19.093468,314.07153,42.497208,347.49207
61.534702,623.7761,84.287415,639.9127
21.71977,146.83801,51.21138,188.44922
82.21881,255.08089,106.73337,291.30914
0.4023552,4.359276,23.256939,42.917282
113.00998,235.2666,138.38309,269.11594
52.83272,495.5851,77.54622,530.78625
122.05214,110.55439,147.05379,149.53546
0.0,144.72818,15.687854,180.21616
61.638878,325.63306,87.74622,359.49292
52.612694,181.71164,77.335655,216.49051
51.50701,249.73444,74.470795,280.917
87.9012,149.09528,111.57478,183.19513
6.119774,498.60046,47.739235,548.9894
62.88745,70.83945,86.46869,108.19751
0.0,302.58746,13.281529,335.44952
