51.235947,270.86737,74.371315,304.90924
59.645096,606.5775,83.778595,638.3751
17.871231,359.42444,39.789406,392.44336
0.33236313,614.7035,23.581272,640.0
112.2944,328.94305,135.9532,359.95258
82.122665,422.79657,105.15019,454.16534
86.36397,516.7136,111.092804,548.4487
81.9846,349.53116,104.0691,383.8859
14.855855,262.20612,41.57687,298.0384
114.50424,204.6623,139.53273,239.23639
22.728691,504.1825,45.24524,535.14624
0.01968956,518.1677,20.55948,549.9829
79.50984,235.61365,104.60133,271.8352
25.30777,149.77737,48.627426,183.75021
92.38205,0.3439865,118.4949,32.194675
118.92122,112.289,146.74077,154.44556
125.05734,0.0,149.42398,16.270243
119.67494,551.7283,143.27617,583.70703
56.396767,49.6604,84.535576,91.33679
54.862923,152.92725,80.24317,187.48154
0.1590805,162.72253,17.74998,200.79553
84.192665,108.247635,111.49148,146.02602
34.01454,42.168053,58.511826,72.59766
