53.589355,90.68585,83.10544,128.90833
108.66011,298.99338,135.98236,336.01517
125.220764,3.571598,150.12604,37.189335
113.131134,443.45447,136.50313,477.32312
0.30617142,618.1134,24.123009,639.7058
118.04706,85.61058,144.91666,120.73067
21.26934,461.77176,45.343246,496.12186
82.72107,347.38712,105.007095,379.1981
86.92752,590.5233,113.63669,627.02576
0.0,457.5367,17.985826,484.42795
3.9431448,316.414,30.25676,367.5694
88.06906,511.56824,113.53433,543.40247
116.75191,510.0174,142.97176,544.58014
48.332138,542.4175,80.896545,584.9957
26.631172,541.1997,48.878357,573.01807
