54.244007,510.7414,76.85509,539.68915
83.834564,427.77383,106.80255,459.62833
18.67102,241.22635,41.338425,273.97452
0.78966904,620.1824,23.18571,639.8013
0.0,500.56964,18.291615,528.76105
10.616852,12.687866,52.589516,77.29677
66.96539,332.8036,92.98801,365.6126
113.953766,534.83484,136.18933,568.7335
89.06953,583.04095,112.25367,615.6308
113.46321,155.50989,137.69789,190.27429
28.304842,560.5263,50.913605,590.8659
81.09584,185.25905,106.28825,221.40767
56.36649,234.99304,79.343506,270.5448
58.24952,0.20684433,85.93253,32.228584
91.09227,15.315323,121.234406,57.036835
0.0,146.94147,14.3172455,189.36572
22.959343,180.62,46.653748,214.10849
58.447533,83.468155,81.82984,118.48488
