82.78859,520.2223,108.666855,553.5858
34.664818,520.0861,62.757988,554.37067
75.67459,316.0655,100.773346,349.66217
110.60805,276.0556,135.59494,308.40216
48.45797,443.9357,73.20004,474.0831
109.32907,383.95612,135.44528,424.58716
78.6832,222.37955,102.8956,254.89029
43.552063,308.92816,69.77367,342.4651
0.4390049,0.0,26.442213,29.695534
83.77318,171.44547,109.23988,208.02194
82.69141,391.2776,106.566864,424.59387
16.543592,51.17311,48.742523,91.996765
85.91948,96.66882,112.70058,132.41714
55.15647,128.2182,79.83347,161.27454
94.270966,628.61163,119.59439,639.861
116.253815,117.20497,143.28387,156.78981
119.00598,14.229013,147.27081,54.428764
59.266506,0.0,86.02969,11.714281
91.15997,27.96254,115.08795,64.54038
