19.796387,465.44626,42.64602,497.81662
87.496475,526.92096,111.40904,559.4233
113.67743,259.75195,136.35538,295.4956
109.18332,394.11005,137.13274,434.7984
51.484047,458.99026,74.70464,492.046
78.4964,340.31946,102.72623,376.2826
48.594955,282.26428,73.27585,318.53015
123.848724,18.188343,146.69052,53.076847
84.17406,193.83377,108.59793,229.88895
19.82623,372.5531,44.02645,405.12927
48.176704,164.27356,72.44097,199.66138
16.933857,309.0548,40.351826,341.42603
29.057297,73.32063,53.37429,107.77933
91.265625,91.75864,114.68277,126.47896
0.0,96.40877,14.286568,132.13776
0.0,239.58026,11.482428,272.7461
