26.732555,545.40283,49.74245,573.885
106.34732,196.26073,142.25806,248.24007
112.98526,451.00247,139.11682,485.98776
79.524414,387.96173,103.55182,418.38593
109.245346,321.2535,137.62086,360.65067
85.640884,161.28946,110.49812,195.46225
53.302128,479.4884,76.98743,510.7417
124.29367,44.06565,148.0935,79.03006
50.760338,208.15298,74.466034,241.39236
49.819042,81.298706,82.38338,133.57289
20.748169,223.81158,44.68033,257.21106
83.61644,492.9051,109.14998,529.95746
80.339325,232.08655,105.387054,266.69376
21.52471,146.5434,46.08538,180.24799
119.58139,131.15918,142.67868,168.8667
