47.29564,262.04745,70.299706,296.5859
0.069942474,69.48381,20.615658,105.12041
25.467117,169.74637,47.684242,202.82773
118.799484,218.30328,140.31541,250.7013
22.99024,475.20856,46.95008,507.8305
28.138018,609.9708,53.713272,639.9508
54.647736,509.56653,78.16417,539.06067
0.0,553.3987,17.136082,586.49194
116.019516,514.6048,144.53947,550.14044
45.55645,371.63843,68.66393,400.55536
85.95303,492.97168,109.8689,524.8121
0.092847824,314.1202,14.662085,345.95792
115.15686,344.99786,138.51846,375.47644
28.45442,37.3461,54.451187,75.179436
61.25691,0.0,86.5417,10.327797
88.29433,565.5935,115.66814,601.50415
122.317345,62.571747,146.36063,97.094986
86.682526,64.57883,114.681335,110.22046
