0.12891579,536.7858,17.333498,567.7432
118.5374,66.241,146.4467,106.34134
0.47142792,21.11023,25.34954,56.350166
50.614906,225.88794,77.599556,261.24152
89.02774,103.96799,111.80368,136.1405
112.45529,385.87897,136.24434,418.9041
82.09769,348.3074,106.194916,380.33792
115.564026,323.93124,139.19746,356.8831
0.0,434.75613,17.77705,469.74545
80.434006,216.59296,108.97948,255.63046
56.478622,537.79205,81.90669,570.1059
43.35505,307.884,69.80357,349.19016
49.121185,375.98578,73.92636,410.14777
82.82098,414.39188,105.40031,448.22922
28.34205,602.7559,52.569206,632.44073
52.228416,420.37555,74.649055,451.07977
18.898266,425.5291,46.28433,468.5218
84.06308,512.6316,108.25958,541.6797
60.405556,1.7201385,87.39451,38.700886
117.50099,494.72705,142.14494,529.34705
85.848526,595.3307,112.77527,629.00793
54.161224,99.15625,79.12138,131.25104
92.22549,0.0,117.86579,23.599808
23.762733,499.6625,47.945183,526.9386
19.412392,320.96136,51.445564,353.45844
115.62108,228.43973,140.00185,264.14438
2.413288,204.19296,47.751835,246.561
