79.52893,424.42792,104.68756,458.94586
18.65517,381.4214,42.838223,414.88843
25.415577,546.31323,49.596188,576.7289
116.81552,183.3472,140.05148,214.41714
56.02289,483.17273,79.26228,516.2273
83.31975,168.19713,108.67619,203.81456
116.46417,532.40204,142.6521,566.99335
122.13157,21.840307,147.28769,62.113686
57.763184,120.82568,80.736404,153.17004
26.049717,118.907455,49.74165,151.58736
0.20563793,511.60974,15.8625555,545.9103
92.5134,606.08496,116.62077,638.38293
85.37254,81.74297,111.29002,121.602196
0.0,239.6839,14.759117,276.5213
61.110085,621.92554,84.579994,639.9414
