112.790955,469.2929,140.21399,516.04126
18.680286,296.81744,42.124287,330.5041
50.885666,452.01495,75.66476,486.04364
21.044823,477.33447,44.63159,512.9198
77.82924,235.93726,105.26732,274.4005
55.52387,89.199814,79.421265,125.99022
83.81468,391.14844,107.94173,425.6067
20.120293,369.1474,48.18335,402.81195
90.12681,50.207268,118.13601,91.12472
0.10921383,104.96843,15.614601,141.9314
24.24374,195.51697,49.51051,233.13336
0.0,447.34705,14.560979,476.81042
49.26844,251.43723,73.49669,286.3223
111.81714,563.6615,143.18883,605.4618
38.098724,368.69952,74.83978,406.88837
89.23268,626.18396,114.865005,639.7731
123.707016,52.881695,147.727,87.213425
20.271664,369.09546,59.21603,404.27844
0.0047216415,389.0067,11.006652,423.47333
15.160692,2.2608032,53.577713,75.96521
