17.52158,399.66028,45.097404,436.58484
44.617126,470.33844,75.58661,515.2583
0.0,569.79065,18.711897,605.04333
21.430443,192.1531,49.181953,231.74625
58.746643,0.0,91.91603,26.676468
78.157715,207.9202,107.00571,248.15128
0.0,42.53563,18.738644,77.68689
113.21286,510.4566,142.28903,553.39056
48.89489,263.95398,71.94947,298.34003
87.36011,500.42932,111.05542,531.755
115.20916,158.73459,141.24084,196.1326
90.33313,86.94113,114.51938,123.403076
58.87796,138.31404,81.99788,170.428
0.55309963,322.83215,9.402405,393.35626
