0.045009613,507.54816,19.668327,549.12445
79.34422,437.60428,107.14925,475.42966
120.73284,4.8524323,149.93549,47.97577
110.55058,352.37585,136.54228,386.71478
59.817284,541.8783,83.98316,572.22864
121.28133,569.95184,143.89174,601.54706
16.993313,330.50073,39.880707,360.85168
82.132805,282.66553,105.913475,318.32812
0.12670898,227.13565,14.376242,269.4294
49.40349,334.0776,73.473694,368.9542
119.95708,107.90381,144.26497,145.06395
89.97496,580.3823,114.214645,613.1343
50.471497,248.72824,72.735695,280.66562
20.00418,255.42032,43.55986,288.00314
88.44868,61.69291,113.80244,99.48583
22.104485,482.36438,46.304382,514.4242
49.679897,129.043,79.00906,171.2128
23.897465,127.471985,49.8466,161.3403
63.77556,0.0,89.63402,11.576675
82.3286,140.57565,107.706375,178.4963
