84.035645,392.22604,108.22797,425.07272
0.0,92.048965,20.046925,126.09996
17.94662,396.2221,43.88606,430.73798
120.62757,125.8201,145.29834,163.47888
107.52504,517.0198,142.47107,558.54004
19.96584,301.9154,42.765537,334.23254
84.07643,219.96191,107.22301,250.9151
55.22951,514.1273,79.33806,546.56116
27.212282,130.69019,50.81758,164.89655
50.23078,392.61993,74.9417,424.9892
0.0,410.71838,14.717086,442.72705
0.1560669,527.55,25.107079,569.18317
0.17211151,0.0,22.855892,32.04537
46.599037,280.70264,72.0675,314.85254
53.64386,168.36362,76.78412,204.31802
60.51513,42.492287,86.9732,76.96379
32.61039,0.0,58.248833,18.76293
92.49154,0.0,117.8489,28.256973
10.460733,587.228,56.113274,639.5172
106.53363,44.5848,133.17325,79.21942
0.0,310.68304,13.571432,343.95258
