113.08157,453.70453,138.90959,488.20416
18.667244,322.9883,41.698586,356.42465
0.014110565,14.32703,22.089775,50.62357
5.92313,507.05704,48.68033,558.23987
86.14383,558.6842,112.18265,593.1598
112.988495,244.20279,136.93005,278.3575
82.356094,267.4447,106.22072,300.67297
53.376915,504.25897,78.62466,539.29706
122.16666,119.13582,145.56522,159.31966
60.41156,333.99194,86.40903,368.47284
21.48133,155.38316,49.97444,197.43803
66.17262,0.0,86.06816,7.215375
51.18447,257.66522,74.559135,288.60577
62.546745,81.01344,87.102684,115.83098
0.0,153.17252,15.715074,189.24307
85.93617,160.56485,110.92064,192.63681
52.848698,189.87372,77.53537,224.69965
0.0,310.4159,12.126469,343.93176
