0.0,214.17337,16.03293,245.18188
118.31871,610.54016,143.48952,640.0
18.650425,371.77133,41.46368,403.89236
50.48665,411.29282,73.279305,441.4161
46.942802,269.78912,69.59338,298.53668
123.04172,107.85736,146.00073,140.99585
82.92758,398.7572,106.37921,430.172
52.32613,159.49774,76.68187,195.39874
114.46127,231.844,138.7319,261.7807
83.95772,475.2165,110.26933,508.84857
113.08034,414.55933,143.24959,451.6471
24.423388,517.31244,48.201584,549.68915
29.244835,86.059784,52.618507,120.41586
0.0,450.90414,13.430034,484.18832
