43.42401,425.70178,73.694824,468.8465
18.04055,344.72742,43.902176,380.32178
0.08401871,0.0,21.71938,25.683449
0.0,529.68286,15.582115,563.6909
17.43486,603.0365,48.800323,637.28284
110.34317,465.78113,138.6159,507.2096
84.25012,444.33173,107.44382,476.76813
92.66835,24.546131,119.051895,62.890232
89.99234,612.2688,114.41922,640.0
80.46433,146.75298,109.584755,187.71434
48.723946,215.9183,74.94971,251.38492
23.312704,139.6735,50.974586,180.73044
59.865486,600.43494,81.09968,627.3755
117.19292,107.77316,143.59447,144.55841
59.95032,91.921906,84.35751,126.59476
0.5983076,273.68597,10.005297,349.44653
