17.951836,434.9936,40.257965,467.18866
110.525055,434.49237,134.92432,466.45856
49.814568,457.7757,73.72583,489.5766
113.37123,227.16788,138.04858,260.3222
82.36946,242.25446,105.30586,277.33704
26.889545,604.2715,51.67271,640.0
84.9052,149.78236,108.71422,185.57393
18.143799,276.83405,43.32395,309.63788
29.902334,105.05858,52.465324,136.37971
0.069784164,126.48712,19.246748,162.39847
122.471756,0.07198334,144.3619,18.273016
80.87795,382.0357,103.61472,415.4886
54.42146,534.2685,78.871506,567.20013
84.06971,496.7083,108.069145,529.0452
47.830765,243.39813,74.48606,278.66467
7.496086,0.024943352,44.15412,15.264024
6.3036423,0.0,29.309631,14.76127
0.0,263.03024,11.578508,295.5637
43.746147,0.0,87.60897,78.04042
