108.114075,283.61304,137.04778,321.6463
84.60542,538.9396,110.55473,572.80664
19.498392,202.2056,45.91961,238.66495
25.402716,564.47034,51.78898,602.09973
82.60886,128.64319,110.332306,169.82379
20.165205,431.0821,44.925735,463.388
49.546463,358.872,71.74722,388.68982
80.8367,442.49832,104.54648,474.97177
53.346695,107.80821,79.42085,144.32254
0.004421234,616.3282,21.9953,639.87445
78.79059,335.41257,102.773224,367.0859
117.451996,55.44066,143.5951,91.65105
38.53472,483.31207,74.2008,524.64923
62.283623,0.0,82.606636,7.0546126
