0.104177475,560.8504,21.908007,590.1418
13.922253,322.2178,36.82885,353.88998
50.002747,369.53387,72.94395,400.83527
0.26434898,414.6305,16.155273,446.30518
78.90315,385.61652,106.13208,424.54303
32.823532,603.2491,55.59053,634.09454
80.917755,448.34387,106.947876,481.47742
31.136135,544.2915,54.85406,574.26465
51.330906,484.94543,77.116455,519.8978
23.422852,420.2744,45.84652,446.75586
83.80543,516.0137,107.83683,548.2512
108.27362,304.06757,137.01584,342.11298
86.38042,59.447186,113.75859,99.80403
20.84842,186.95193,44.954422,223.53726
51.319717,245.83487,77.487656,279.35147
116.54909,471.68677,141.27867,505.44617
115.68638,219.93283,140.95413,252.5126
0.1674385,54.601543,16.009668,88.33586
120.89235,550.5783,144.16216,579.95
84.24338,233.47836,107.55292,264.7106
25.357357,127.60748,52.110584,160.70297
53.094723,130.73828,79.638916,167.56989
116.967545,66.55699,145.39622,104.76787
58.893753,64.034805,84.48688,97.8969
0.0,250.03296,13.2469425,282.58435
0.0,181.46333,12.370113,215.4085
