46.909653,345.06723,71.93834,380.07468
44.13788,243.52237,68.5047,278.15274
18.914083,303.74686,45.163353,340.36423
113.32024,395.6222,137.06404,427.67932
50.423386,450.06445,73.963135,482.2682
116.83098,521.0421,143.88249,554.8198
114.8598,178.71692,139.61336,214.13
0.07630539,126.787155,20.368584,162.7036
122.919655,24.311632,146.47043,62.15251
109.75137,275.1971,134.51407,310.26407
76.19484,191.13866,103.26839,227.08128
84.235275,527.6028,110.39595,564.20447
28.133316,0.0,54.70182,17.523975
0.35811996,592.08813,25.251413,625.3469
0.0,308.00284,12.994288,342.11795
