81.72831,387.03906,104.87614,420.6615
114.61734,492.76556,139.69836,528.52057
51.798424,237.9321,75.1865,273.73575
114.26639,195.75008,138.27495,228.3087
61.724777,611.0418,85.319824,639.48517
84.48594,539.05444,112.376335,574.7816
80.91197,283.13486,103.199814,313.0825
2.3582287,4.6716347,29.458511,45.747643
20.251842,363.0664,43.031124,391.95142
0.0,138.59598,21.542925,200.29404
57.580486,21.965729,85.57909,66.414635
49.10372,419.357,71.531784,451.11505
123.87906,44.274048,147.72565,79.09467
0.0,302.96155,17.366386,360.7354
0.0049762726,581.5431,19.350636,611.6764
29.681778,617.70667,52.469635,639.8688
15.403351,423.29486,39.164616,454.77246
89.29854,67.47293,114.16011,103.867065
0.0,257.37665,10.8223295,286.82892
