81.424866,368.96924,104.735016,404.0782
59.108593,228.46136,83.68425,263.8426
86.20546,529.28894,110.40239,559.9016
121.20453,558.89014,145.68008,590.63794
43.29055,376.5963,70.33575,410.6023
115.83693,114.94812,140.82185,154.27005
59.954895,455.32837,84.23157,487.03186
20.247673,176.91287,46.41107,213.20853
85.921646,155.79486,110.76027,189.1803
107.58609,400.4692,135.96907,436.4194
58.374733,67.81582,82.67396,103.44048
117.62958,216.84543,139.8841,247.62537
30.910797,15.371208,56.437393,53.489006
0.0,270.35742,9.933565,299.5915
