115.03894,465.42163,138.10805,496.62598
0.23049355,387.95428,24.641048,427.23126
82.78906,542.5076,110.62277,575.98627
18.913757,319.81323,42.450928,352.53473
116.35013,150.73398,140.36862,185.58646
119.73009,614.5991,143.52034,639.7908
50.209885,330.76355,72.51993,364.28632
112.46428,285.0855,136.25352,319.3579
51.264717,533.5644,76.02286,566.1569
123.82864,29.443733,149.14703,67.13007
47.429703,244.1742,71.58312,276.55383
91.27142,42.029915,114.33566,73.50041
23.583656,527.05066,47.949364,560.09753
79.31113,244.16644,104.88159,278.49994
1.3672676,119.59686,47.514355,203.54251
