49.802437,337.22958,72.27763,367.84293
0.017894745,540.5623,19.549519,571.868
19.208519,322.94727,42.70247,354.042
24.28758,489.04578,46.407043,517.0382
110.51825,377.83588,136.14363,413.2531
84.672104,540.78894,110.25249,573.1188
80.8319,452.38477,106.02357,488.8479
117.65283,499.63843,140.51938,529.46533
70.05101,185.15121,109.23396,242.19443
55.603058,499.67023,77.97157,529.2088
77.240906,338.61258,99.32834,369.08176
47.756058,243.22769,73.85225,281.70407
20.96066,134.95807,50.896774,181.64746
0.17643166,0.0,27.756811,79.72664
0.21183014,0.13167953,27.943947,29.023628
0.0,245.67337,9.745128,277.88913
