15.583962,347.82663,40.504272,382.85068
42.441437,402.9356,66.20685,435.57
27.973755,577.3318,55.218056,610.9907
81.533035,176.0592,110.08028,215.15726
122.402145,599.73773,146.33772,629.2841
23.024734,475.06827,46.661522,507.93387
78.188705,391.93997,105.04263,426.75357
123.39078,17.722313,147.9083,53.24346
86.1125,521.1686,110.71803,552.9989
56.05552,525.4469,81.601265,558.6925
0.11781883,69.460815,18.42164,104.66853
81.914505,28.139694,112.69948,77.83275
30.464214,0.09586525,58.06297,30.195099
80.59375,278.4073,104.35692,312.6463
23.155123,110.56648,50.80815,149.97716
0.0,412.8621,13.988047,443.6946
24.729422,198.39899,48.715004,236.44757
14.229377,282.6465,43.373123,324.94113
108.23392,429.07455,136.88113,464.8983
108.48216,233.01971,136.51534,270.04688
0.0,247.19067,11.845841,281.31476
60.763107,22.954708,83.75284,56.685894
