119.286934,562.2998,143.74854,597.1985
110.41524,206.36906,138.14137,248.21223
0.30143356,515.43286,16.60971,553.4905
76.589615,279.92938,105.47275,318.8869
127.28352,55.2877,150.50606,91.38774
0.0,57.592297,17.78141,104.08122
62.75389,614.67224,85.737076,639.7699
19.37593,439.53018,42.318047,469.40164
90.99038,589.13965,116.137856,624.84375
84.78454,492.02063,110.200035,524.12085
116.461395,509.06152,143.7742,542.47974
0.11011028,204.84488,14.352131,243.285
51.081947,450.9079,75.56894,484.00067
50.535362,360.32214,73.979866,391.1701
26.353264,27.366951,53.643326,65.871895
0.0,460.9536,13.115069,492.75952
85.00429,106.25206,109.00198,144.57874
21.342823,496.58203,48.0547,531.9712
114.2897,304.73196,139.56207,335.83646
21.462646,151.08878,47.450172,183.72253
19.29108,250.46529,45.819782,284.72125
115.8042,450.1687,139.24316,477.2732
84.58322,536.3439,110.179016,570.71875
26.149954,535.5655,50.287987,565.4864
78.64885,400.3388,104.26764,434.75592
113.46857,353.18243,138.04599,384.67444
78.32303,206.40733,101.581696,243.6798
49.203026,187.84686,78.15437,225.4462
1.8128796,615.44073,24.326986,639.8704
20.25664,203.65146,44.16574,236.99472
0.14422989,584.11884,18.820955,640.0
58.943317,543.0322,81.80492,571.0259
59.482647,0.08314896,88.43437,37.00102
0.14196777,584.2705,18.323921,614.8723
111.23236,403.51746,136.7897,434.1745
21.662363,307.83664,46.085503,340.04672
58.585064,579.2648,81.39955,607.76184
