79.79739,416.84265,105.29053,451.93604
76.73833,241.99788,102.12152,276.52032
81.6451,165.89246,104.86913,198.982
56.228607,533.8867,79.004364,566.594
110.8008,275.40533,135.96024,316.2478
46.61547,197.41751,72.905975,232.12903
88.5117,514.39746,112.12334,543.74316
114.390015,174.58496,139.16492,208.9956
81.293755,309.02948,104.67155,343.45367
37.289238,381.1551,67.15642,417.9134
87.637054,584.34045,111.402435,617.5582
45.369873,321.87494,69.962494,352.45074
57.797184,51.174744,82.48172,86.26747
120.67728,31.103348,148.0799,71.585335
122.3382,621.48376,148.99353,639.9437
88.63971,38.636612,115.06409,76.54721
86.09932,116.6463,112.935196,153.05463
11.350598,0.0,29.506428,6.212102
95.55812,0.010982513,114.07265,6.2669506
