76.09296,269.7644,104.57742,316.05743
0.1790123,50.452576,22.35151,94.66054
42.039177,329.3684,70.10296,371.86353
103.56784,325.69904,129.70502,362.19342
22.710274,420.91754,45.542274,451.68085
21.715082,501.7918,50.710075,537.7841
0.0,528.7577,17.335907,560.03345
15.719316,281.9806,42.77423,321.89325
90.07193,603.3473,115.38986,637.64526
90.48697,0.17575836,118.02759,34.2866
52.239998,484.52448,76.77454,517.9451
20.439611,209.08278,43.87481,242.82655
85.12636,164.62195,111.78374,200.29663
107.395065,422.30228,137.22731,459.35916
24.288822,69.59747,51.587574,111.15872
28.1164,598.4056,55.21511,631.3189
62.657104,550.03046,88.1662,581.7559
0.0,369.14783,12.851498,398.3855
60.08779,59.195602,85.714455,94.63417
