111.27402,212.83105,138.63554,251.88098
50.025253,360.6565,72.43805,392.1537
1.6107674,388.2173,45.334618,451.70648
22.589153,212.66333,46.038662,247.95984
48.61673,239.83755,71.788086,273.7891
81.272194,327.72046,103.24175,358.75378
113.36966,440.28064,139.42174,475.7594
12.8471155,323.70142,36.440544,359.67346
29.11753,606.0067,54.57601,640.0
123.1344,0.0,149.07086,25.104229
50.544907,140.22095,75.99185,177.71289
29.67108,561.27295,52.88414,591.34375
82.5185,431.9331,107.70434,467.2079
91.55595,597.22107,116.20022,624.6742
122.97601,594.77856,145.20685,623.3533
0.0823822,86.610504,20.745523,122.091064
91.10463,44.972397,115.83824,81.07634
19.681847,0.0,56.198074,30.268951
32.227272,479.1539,79.22449,545.89636
59.124676,0.050914764,87.24199,28.180325
