114.58339,571.41907,138.36351,603.89685
92.92598,1.110096,116.6353,33.910946
110.51482,322.50003,133.09052,356.5557
81.13339,430.09387,107.68576,463.62878
126.272865,0.0,149.71756,17.815926
25.009506,550.1117,49.542732,581.4027
46.943466,249.45488,71.97226,287.25653
58.38924,573.42957,81.74858,604.6371
24.76588,88.16687,49.3261,126.01648
51.42009,467.3579,74.53505,496.0746
32.300552,0.027256012,57.564316,22.656246
0.0,569.0748,19.777805,598.21045
90.62964,70.815025,114.178406,107.751976
79.52916,537.476,109.19005,577.06415
63.053852,379.48495,85.11815,406.2015
17.251919,240.96988,41.06308,274.28842
78.82205,291.23865,102.8602,321.8186
114.35394,513.6398,139.57697,548.34644
113.07785,190.3673,135.945,226.76851
85.52394,169.00644,111.10564,202.285
