1.9560452,611.9106,25.196627,640.0
80.11891,315.8645,103.8806,352.08105
16.643143,336.56702,43.149994,376.99603
114.91382,422.09546,142.55447,456.86658
113.29703,360.43558,135.59009,388.68655
20.685928,467.79407,45.20661,497.8944
114.22099,201.7458,139.54166,235.90175
122.95232,83.885635,148.593,116.53311
115.430695,474.73285,139.59201,510.91913
0.055646896,121.91165,16.087374,156.8183
17.744865,232.4758,44.297714,269.13022
17.031364,296.0735,39.75792,328.00854
51.094994,206.47704,75.073784,242.41792
26.343208,101.531784,49.854683,139.42142
0.033651352,518.8811,18.445665,551.61255
0.0,34.023247,21.888153,75.42824
25.21313,533.29126,51.31074,564.32837
56.66569,491.92847,80.43187,524.0637
85.43576,564.6404,114.276764,605.6061
22.779469,186.1817,47.192066,219.2633
112.165054,270.56317,135.83379,306.596
28.87407,598.8856,52.053925,627.17114
80.34793,419.7548,106.64972,457.38718
122.64026,594.0383,148.50021,626.72205
48.548218,364.20856,73.77522,396.65155
120.26718,551.8209,145.8266,584.037
61.27896,604.1998,85.980865,637.56335
19.321636,378.1537,42.357895,410.95288
120.10645,551.71686,145.03406,602.9095
86.74762,204.33975,110.72876,237.12277
8.533104,336.4983,43.848274,382.0852
