80.61251,320.86057,107.0279,358.03378
41.585503,295.0547,71.310295,337.9314
77.43034,198.07153,102.395966,233.38867
0.0,565.13196,19.936049,596.93384
116.57794,548.7161,147.74231,588.0202
118.180176,138.35956,142.85458,176.68979
48.47776,214.76413,71.334564,244.94437
109.606,398.05136,134.22832,434.43924
56.554443,499.9428,79.7193,532.11456
122.048904,71.815025,146.7765,105.59028
20.890446,346.18097,43.806408,377.07574
23.781181,448.27524,48.359756,476.4758
88.153046,103.02612,110.29669,137.34053
20.533512,222.65921,47.045048,256.85324
26.954584,512.504,50.40542,542.0985
0.35993385,0.31056595,26.517244,42.840908
86.7155,577.0574,112.429245,611.1738
28.374092,0.537735,58.189415,39.326736
98.58472,447.8304,113.90637,467.04044
