46.931137,321.518,75.126015,359.4536
0.14368248,557.35565,17.601168,591.9798
82.260544,278.46506,105.40437,311.1743
78.734024,395.74146,104.073166,430.38263
83.08824,487.00616,108.144135,519.86176
109.59038,367.02472,137.77008,404.32233
26.522148,581.438,50.388893,613.7444
115.12305,255.93716,139.29959,287.77805
90.33664,579.3366,113.99164,610.2902
120.19117,564.0834,144.28528,593.63635
112.65506,452.18164,138.58643,488.89392
50.18982,425.16556,74.745834,456.15012
0.4132347,25.159271,24.942772,70.31397
19.359253,395.75873,44.202248,427.24432
21.050064,185.71564,45.47619,222.67426
19.913185,492.04816,46.855515,526.0401
21.705109,303.2647,47.174644,334.35724
57.41117,536.86566,81.707985,568.9897
123.67445,0.8167267,149.05266,40.36361
32.726517,4.514366,58.601738,44.39586
59.529633,45.178795,83.655594,82.81155
116.58911,140.38321,141.49963,175.94016
25.070347,112.01514,50.567303,149.59909
88.43938,48.274902,115.00169,86.342606
0.0,394.8392,13.383487,427.42252
