0.22707558,400.56113,22.926384,431.70828
23.754528,271.31805,46.257458,301.19086
81.885635,82.69583,108.644775,121.6319
112.04762,177.98389,136.76698,213.56589
35.94821,0.06262779,61.93412,19.367958
18.293922,339.13226,42.13988,372.47333
43.310318,408.16196,75.64695,450.4465
114.12334,487.04724,139.5216,521.1605
111.67618,349.60535,134.81155,383.45612
22.560738,486.7475,46.00078,519.93024
27.944609,599.0419,52.672012,629.34766
56.282204,556.81104,81.30418,591.16724
83.74625,448.0689,109.230865,483.33142
0.0,504.29694,14.69938,532.54926
91.79274,586.0719,117.50632,616.58704
0.109493256,266.615,17.609343,305.6582
112.137344,586.1217,142.8239,620.71814
