18.135323,297.15778,39.68325,329.18243
121.65964,555.79114,146.59369,587.32275
76.829025,339.54596,102.451645,374.70844
28.529396,610.9046,51.911163,639.8228
89.9716,42.37996,114.23381,77.67498
20.159714,406.52524,43.606113,438.89493
51.174484,321.07074,74.891914,355.32953
21.638039,494.24213,46.609848,526.967
115.70886,169.98796,139.40848,203.73256
47.679344,445.72894,73.191055,480.95624
113.18263,421.30078,137.93687,454.55725
0.0,71.07469,18.474289,107.72603
109.15059,311.71112,133.29953,347.3288
51.531433,150.29471,76.40619,186.88638
85.66316,494.83142,109.04674,529.3093
26.126211,109.897,50.768867,144.88632
86.76715,149.5402,110.64574,185.82689
0.0,363.2212,10.779142,405.61584
