115.44029,174.77039,140.78557,214.22906
3.650055,160.79779,44.704742,219.78705
107.95235,355.59973,135.4551,392.37073
14.762188,391.27118,40.22378,424.19098
0.13580704,526.4968,16.020727,558.11914
83.09344,220.45047,107.054955,252.62549
78.41559,334.89896,103.09123,370.92368
25.689474,522.7763,49.40821,553.5455
75.708954,277.08057,101.07593,312.2323
123.21569,586.7661,149.13788,617.78687
2.5697098,212.255,43.109726,273.01056
34.12999,584.8131,62.39122,620.7572
120.94751,504.46228,143.5368,533.9313
0.34914207,591.05444,25.617252,640.0
84.51807,541.80225,113.7099,578.35815
50.73046,449.58087,74.99308,482.80865
45.57125,368.27588,72.27699,403.86853
52.212044,172.46689,76.63276,208.77048
48.24903,266.9572,71.017204,297.49872
81.64937,168.5224,106.69292,204.68604
23.635212,440.79608,48.46641,471.77838
80.744995,440.20807,104.00534,472.3985
51.31745,100.89844,79.62879,139.97633
0.017962456,434.48523,13.74065,476.188
89.207596,611.96857,114.22661,640.0
58.75815,544.4872,82.34476,579.9325
