17.838478,387.71167,42.18595,422.12146
51.45855,381.7295,75.590004,415.74365
81.54228,410.53223,106.12428,444.07886
82.60593,162.83694,106.93439,201.10849
31.12734,622.13,56.969,639.86194
119.675446,538.90784,144.97806,572.27014
46.410934,241.67142,76.057175,282.89865
43.9412,443.7504,67.26504,473.06558
75.837494,257.9015,104.03534,299.80676
18.270542,228.75641,44.261974,268.0103
20.447578,99.35976,50.14115,148.47156
114.73616,236.47073,139.26671,271.23404
62.89318,0.3928299,87.80349,33.1653
109.32631,386.51343,134.44948,418.70898
116.93439,63.77681,146.81357,111.96019
57.049747,74.76842,80.31741,108.843094
88.32678,42.92987,114.63199,84.78444
0.0,139.02072,12.584032,172.1431
