116.89159,255.59045,140.127,285.90277
45.181244,296.90823,69.602715,329.4943
0.0,107.880585,19.111317,141.41795
85.49695,524.44714,110.59598,555.9889
0.023799896,587.4905,20.099754,620.1218
118.25639,547.11707,147.19115,583.11414
56.374386,542.20294,80.062195,572.04425
28.169647,65.57156,53.47088,103.7742
115.690704,381.44287,138.6961,412.02826
0.10205841,347.69547,14.536566,379.04
25.841158,508.70496,50.16948,541.70605
47.81681,404.8307,70.512024,434.44482
0.20655823,0.0,23.46708,28.816418
84.36543,102.65457,112.64961,149.21408
89.32818,596.2689,116.36515,631.0856
23.626041,198.4483,46.35319,231.97107
62.137283,4.5722084,87.24226,38.771122
118.79588,96.07533,143.96996,131.13145
