17.509708,336.7216,40.777367,371.17
80.50774,278.5592,105.413864,311.99133
49.483574,262.64456,73.95314,297.6796
80.64931,489.12762,105.92255,522.1329
0.06147957,45.76866,17.764027,76.65454
113.951004,178.15051,139.4614,212.6146
82.89491,385.11304,106.804184,420.75488
50.767693,398.9549,74.592606,432.88324
0.1570139,152.95377,15.54823,184.61777
110.29883,456.35425,133.98773,489.09216
24.950733,141.3481,48.44373,175.67125
57.74228,174.03317,83.15622,208.89755
121.39289,70.20119,148.78992,109.74434
126.33659,0.06894493,153.2723,29.342882
87.51366,134.26953,110.71449,171.62173
53.437576,75.23624,83.40697,121.154434
32.334526,54.854584,55.854553,89.44263
58.18526,572.53735,81.78645,602.9866
87.874664,32.389236,114.92343,77.9034
0.14161873,522.2822,17.278734,555.1443
11.709312,483.20203,44.354874,507.16638
11.803997,485.56137,49.77492,549.48987
13.50716,542.75586,50.75053,590.5271
34.99547,0.0,56.4634,13.164278
