24.948933,57.89268,51.454365,96.7191
115.22882,475.8716,137.70322,506.39615
19.960175,421.2165,45.61989,461.15643
82.1818,479.03284,105.69366,511.7152
79.84253,317.45813,103.88992,351.44165
56.760014,614.1431,82.14206,640.0
47.727272,301.00488,71.60562,334.6501
110.47702,334.34085,135.15417,368.81375
0.2650261,596.2876,26.130894,640.0
54.799713,437.4527,75.706085,465.88434
111.31001,179.61804,137.38118,215.87894
21.794003,178.79936,46.386257,212.43816
85.757935,148.21222,110.20851,179.36609
53.92109,142.99857,77.84058,177.91882
