24.015812,486.74298,47.964695,515.17145
0.0,554.8854,18.652569,586.37695
57.310783,601.62646,81.81156,633.2407
86.86641,618.9728,114.190216,639.8854
122.12097,539.6872,146.29163,572.0297
79.6343,242.44705,105.71868,277.07108
82.40373,358.851,106.05592,388.0495
120.54248,58.353092,143.77774,98.84543
0.031822205,19.670889,20.667194,53.344322
20.802933,312.86194,44.38228,345.13013
115.26788,155.62225,138.67627,190.95917
80.89269,474.75375,106.04482,506.14444
24.814693,34.343483,53.089077,76.006874
46.451126,288.89124,73.30151,323.43726
19.931911,187.64871,45.67127,222.2999
21.081009,255.77957,43.853516,286.93832
92.95984,3.9854355,119.01297,42.76317
52.831127,456.80923,77.88887,489.51675
19.877644,376.1599,44.2633,404.86395
53.15136,207.22043,77.55892,243.42123
25.728104,123.90573,49.864258,162.97531
107.57437,354.50003,135.58725,392.7919
48.531418,372.07233,72.53766,404.57996
54.775726,531.03467,78.98312,561.39795
110.05409,473.29608,138.0087,507.3742
0.0,476.92303,12.207892,507.85516
