0.31563377,0.11660957,23.379236,31.73665
113.6992,408.682,143.29646,445.12427
19.63842,414.69537,47.205933,453.3332
121.08038,544.2251,143.67441,571.6223
0.013290405,526.1155,19.592163,557.6459
113.21648,321.50943,136.71844,352.59262
85.43257,552.7563,113.941666,590.04803
17.3998,307.34308,42.933037,346.2414
51.57228,477.0982,78.599014,510.96747
116.10183,159.88773,142.75485,198.52359
81.23558,379.47656,107.82979,415.30847
120.59274,20.258059,145.44653,60.745316
59.58165,0.024230957,87.04976,37.28025
83.59724,448.95453,107.83506,480.11346
76.45259,245.84552,104.431656,287.7439
86.29924,141.36375,111.18541,173.25938
24.342497,77.8331,51.753006,115.16405
26.418419,590.4367,52.907524,625.0295
47.83023,355.88538,72.263824,388.01038
115.74191,474.7525,142.80603,512.57745
0.15965748,221.95197,13.50832,263.1603
20.355515,256.25024,44.52616,288.81146
15.35379,169.62274,49.106293,214.96027
58.714096,582.5199,82.56854,613.636
22.37754,496.14233,45.650505,528.6991
125.82193,614.113,150.29694,640.0
93.05586,36.853844,117.74455,70.0086
60.102554,69.57826,83.19905,103.5022
52.587143,239.41702,76.83873,270.99576
