84.92745,513.9071,111.047325,545.63806
113.248505,224.47775,139.26204,261.03662
21.40903,452.66003,44.157543,483.6051
116.535065,582.24536,143.37564,615.218
114.397736,300.30487,137.53433,332.58893
115.53056,415.54633,138.74637,446.5746
20.275906,386.161,43.566425,415.52405
47.01793,278.5014,72.30385,313.3504
51.962135,492.1822,75.56882,524.7836
80.740814,266.51035,104.80847,299.5026
83.68826,404.45813,106.44113,433.32288
26.91252,607.4768,54.676285,640.0
52.39242,409.91483,76.01172,441.74258
82.307594,187.53638,106.96224,223.46887
51.100235,181.78268,74.62306,216.62521
0.050958633,44.419395,19.260946,81.228775
121.766754,27.555176,147.95993,68.26122
119.29111,157.4994,144.18628,189.71468
58.41108,38.35573,86.25631,83.110756
91.6691,619.6604,114.31525,639.9404
91.36392,20.063702,116.057465,53.52621
6.8110123,102.86485,38.966217,140.35335
88.371155,99.34515,112.17148,135.62958
0.0,299.50592,13.402525,334.42163
0.0,222.13522,11.5416355,253.26883
