50.63369,408.91284,73.94745,440.44824
19.361725,445.02997,43.060867,475.7887
90.50267,622.85156,114.79558,639.9917
114.44969,512.69775,138.10579,544.57104
117.10759,433.3135,140.44939,463.6508
26.713469,535.1338,50.687973,563.6748
105.88339,263.4508,135.70622,301.2636
0.008394241,523.38477,16.688467,554.4614
57.312767,23.137896,84.741295,65.07123
82.63863,173.07141,107.91302,213.1608
43.6865,251.17807,72.851746,295.34384
83.92022,523.83606,109.20034,553.3983
78.50717,370.6972,107.2558,412.11456
19.991238,22.608696,49.70367,65.30599
0.0,184.13367,15.860614,223.43738
55.71692,573.42847,79.57892,609.4126
109.75899,44.413124,141.38774,91.042625
18.066002,212.09772,44.18766,251.44623
