114.68581,515.4215,139.13924,548.1738
113.282745,299.76703,138.47498,333.39093
0.07534027,491.48425,17.382881,523.25665
78.152405,188.34485,106.164154,226.45367
48.517662,378.56464,73.917015,412.9361
25.371769,521.1825,48.1404,550.86145
48.679207,216.8537,74.7765,251.49652
54.396667,0.0,85.58176,23.79282
19.783188,206.95169,43.915718,238.45346
78.36512,390.47144,102.24172,422.57355
82.88577,532.83875,106.891846,566.4276
21.250786,417.05005,42.897476,447.32275
0.039409637,562.4679,18.289234,596.7479
123.38107,0.0,150.23187,24.605246
123.076004,587.9225,146.91176,619.1229
0.21629906,381.50473,16.13404,421.9601
59.18908,595.04785,84.00326,627.25903
28.066929,60.30728,53.963665,94.64938
