19.146782,554.55365,53.82213,603.88226
53.071045,484.31897,76.91292,517.1493
91.32469,61.329742,113.96951,93.7341
45.439026,277.65344,70.85822,315.97955
77.918015,439.31192,108.90077,484.2059
49.470314,386.3498,72.66499,421.89172
114.4993,441.26508,139.07639,471.14233
1.6459885,31.42842,23.990108,66.84802
59.6248,580.09644,82.63066,609.7351
53.14499,161.70523,78.25694,196.81924
18.586266,335.6642,39.262466,364.85428
78.8822,210.50421,108.571304,258.85107
117.95718,585.5362,144.40347,617.2835
60.040833,50.97654,84.03703,86.21816
88.65932,562.3634,110.919174,592.51843
0.0060367584,502.90933,16.191042,532.48694
111.41963,286.56155,136.09291,323.3201
30.14849,46.913334,56.93963,82.446075
17.718895,188.10588,49.217636,234.23735
0.0,323.95444,15.471286,360.9224
0.0,324.73853,10.7246,359.66736
19.551355,553.0397,50.149178,571.2174
