116.22649,280.14136,139.54823,312.19922
49.252373,383.4306,71.553246,416.3902
25.29369,169.0166,48.18996,204.72388
86.2124,248.19458,108.83371,279.55884
13.746014,469.99506,47.680008,512.70355
83.48218,440.87964,109.77878,475.8753
123.59285,74.23691,147.50374,109.13753
88.800476,72.52832,112.791626,109.37833
61.51876,44.772552,86.34748,81.10355
0.17763138,45.86856,18.530132,85.02504
57.040684,151.29352,79.70029,183.33228
0.0,387.93835,15.963097,473.98645
28.072092,20.77712,54.130394,54.025703
0.0,388.85062,14.681356,454.2833
