78.01712,296.04352,106.212524,333.38586
114.33415,196.93307,140.11063,233.23886
16.352276,582.2567,54.863964,640.0
17.783508,355.80347,42.32143,387.63
0.0,520.23553,19.3411,548.519
19.56828,213.2492,43.456474,244.6109
54.283295,412.45844,77.98712,443.69208
84.90138,447.45343,108.81343,483.14423
0.0,378.16736,15.939079,420.2721
114.35379,417.1327,140.01463,449.40027
86.9883,523.83105,110.9539,553.66833
93.922134,0.0,121.023544,24.113636
0.08357048,88.749725,20.40748,136.12929
56.509537,109.64836,79.81006,143.4465
54.68933,199.30728,79.33174,235.80875
25.68264,134.28821,49.29432,171.039
88.48972,131.20715,111.56768,167.86194
28.527246,4.50766,57.269676,42.750843
54.353348,0.0,86.79964,27.86688
