25.251312,499.08582,48.211555,528.68286
0.0,568.30774,19.145996,600.38354
120.602516,65.55371,143.77884,105.37067
122.76282,551.6693,147.03342,583.4923
58.24902,613.3427,82.555145,640.0
82.462875,369.2365,106.38655,401.06427
81.702705,485.9513,105.90699,516.6412
0.0,32.69832,19.823418,68.21774
107.79729,364.3755,135.71266,404.1582
46.564186,298.89917,72.78778,332.8589
24.870214,132.90349,49.229774,169.31123
78.994125,252.87209,104.54375,289.14624
53.75463,468.60217,78.11285,501.0005
24.851837,42.53096,52.787666,84.198494
48.735275,380.90973,72.666336,414.5733
114.35547,161.54977,137.66574,197.36655
19.949863,193.92139,45.124287,229.69891
20.1708,260.8686,44.332657,293.64288
21.251009,384.71637,44.141907,414.41254
111.071655,484.0761,138.33723,518.0646
21.158438,319.22723,44.448326,352.05804
55.481514,540.4468,79.493385,571.5552
91.47279,12.601006,118.815704,54.6466
52.90419,219.2706,78.21304,254.28922
29.821457,0.0,55.57569,22.792068
0.0,489.2818,13.585737,521.4531
59.688473,110.88371,83.90588,144.66574
83.45993,159.25113,109.68262,194.87363
