1.1789455,610.9265,23.852312,640.0
0.04219055,484.47095,19.18207,517.99915
20.339493,355.59372,44.574005,389.73746
21.10675,451.5426,44.047935,482.43915
113.22006,200.39484,137.77405,234.258
115.904106,464.72928,140.48218,500.05014
81.84361,451.38705,105.62602,483.6429
124.46023,44.377693,150.36343,80.755295
116.45239,262.09714,140.42435,298.43063
80.753494,359.4528,103.729294,391.87546
80.911766,268.46387,105.184456,302.91046
19.081032,89.49312,52.307693,138.08488
123.7012,618.6731,146.71759,639.8926
79.94478,137.75543,107.19069,173.12054
23.837635,523.4745,50.08302,557.2125
1.2731152,37.56401,25.457844,69.52225
58.013973,496.86102,79.1362,525.30804
56.192543,418.97998,78.714516,448.0647
57.20832,72.26668,82.06576,109.86977
0.013552666,397.26773,15.411987,428.5013
58.364532,0.2672081,84.895355,31.807938
84.47565,558.3408,115.587555,603.2451
58.49395,571.4169,83.25179,603.7643
86.24472,42.47374,113.99626,81.21542
0.11518288,105.9621,22.552658,142.22075
0.08566666,192.58356,15.252836,228.34637
0.8126755,86.38487,54.30399,142.4193
0.10298538,609.9914,53.87769,640.0
52.251923,190.52493,76.64848,225.80075
