19.417473,452.05127,42.36456,484.4723
14.79457,357.89618,41.96923,392.54315
0.044994354,58.80133,20.66032,92.85559
51.105354,263.02463,75.27831,296.49277
51.55019,157.07738,80.72856,197.53212
83.6522,443.1007,107.11736,476.50916
49.90503,379.81396,74.41452,412.50525
80.07476,223.84225,103.80178,257.90228
20.87088,248.85481,44.50132,282.49188
27.679064,32.556473,53.804443,71.43665
77.56969,339.41547,102.97661,374.48883
112.62488,422.3711,138.60263,452.1518
113.88504,215.75912,139.55823,256.73166
90.69638,596.78174,116.13843,629.8882
86.09535,509.81824,110.84561,539.3684
120.364204,89.19198,144.45178,124.10276
26.066566,583.95795,51.330124,617.3057
0.06250954,255.97653,16.96992,291.77664
111.422226,309.07355,138.16368,344.8465
1.4667568,584.6402,25.944088,616.31903
59.678326,0.09490585,88.34209,30.278645
27.94946,140.39523,53.273228,175.50443
87.709305,107.750336,111.84976,140.48026
