11.651752,344.39206,40.776485,383.90244
110.98804,290.62662,135.50995,324.478
0.11588383,414.0908,15.167583,451.5239
27.668358,555.6652,50.329468,586.51605
0.0,258.64886,16.160528,292.26093
52.22424,467.26465,77.42047,503.05066
23.84087,182.177,49.134144,220.61649
51.68724,278.74786,75.01801,309.443
82.29249,395.90283,106.22346,429.56873
58.77391,60.442577,84.25748,99.153854
119.44797,100.02742,143.71915,132.8227
95.68973,492.5598,118.199585,522.977
0.0009326935,125.14904,18.482525,163.95172
85.03131,153.8872,109.428314,187.95905
