75.76372,307.53674,100.4812,340.99707
34.45102,504.46735,63.14113,538.92487
81.674095,508.0728,107.89062,541.425
44.060043,296.63162,70.28744,330.3641
108.86284,373.65308,136.74205,412.9402
48.9122,429.49356,72.03049,459.83517
93.40729,615.2296,118.70123,639.8102
0.17533684,0.12554169,24.201221,16.982277
83.66174,165.9425,110.245056,202.45453
111.80052,264.3071,135.93538,297.64395
78.975525,216.8782,103.431335,248.22238
82.90349,379.59125,106.05293,414.2334
55.503315,119.39935,79.18822,153.66943
120.626465,8.603596,148.45862,45.826015
14.983181,42.55783,46.579903,83.08066
116.205444,107.1375,143.6748,146.97453
91.64061,21.321701,115.86595,56.690834
86.7759,89.321396,113.65899,126.740616
