0.0,491.1352,19.007862,522.59973
0.11938667,588.68176,22.203932,618.2838
18.183239,320.7682,40.530834,354.1493
30.16721,607.684,55.115093,639.4876
88.94862,623.0497,116.64145,640.0
20.7875,470.57297,44.219917,502.88058
84.61398,482.66107,108.78813,514.67163
116.52836,518.42004,141.13718,549.395
122.14269,71.35782,147.92169,111.92493
59.17516,4.2206497,87.97975,48.4805
81.43967,386.9131,104.1792,419.41772
110.94852,290.89243,136.10507,321.18155
116.00665,163.32024,141.44336,199.60008
51.64862,226.98257,75.63164,261.1965
81.20291,310.55243,104.56081,344.1579
81.41855,192.38705,105.920074,227.59119
58.367863,568.66943,81.03174,599.1709
16.079369,222.00815,42.941917,259.33502
57.25026,110.45807,82.687805,144.30911
35.3079,0.44895935,60.789574,34.045197
87.85965,61.602577,112.76857,98.54038
0.15086174,124.38699,18.985657,163.54617
25.887047,109.05197,49.19893,144.18466
35.53057,1.6672096,87.42238,47.935696
