114.79738,259.51526,138.06364,292.031
19.697166,373.2572,43.94648,406.0359
92.05226,0.0,116.90349,22.6432
80.44661,347.78217,104.41493,380.8166
83.94943,285.50635,106.8035,318.8858
0.0,82.64798,18.63701,121.13495
84.1687,521.674,112.45764,555.0378
51.08909,166.18307,78.846504,209.27158
0.1322937,559.0054,22.354973,590.07764
83.84965,414.70844,107.69784,448.8947
115.398,446.07422,140.6554,479.6319
120.357834,523.91693,143.94566,558.4327
55.755314,478.20508,77.7514,509.9591
0.11872101,497.66705,16.131435,530.3107
22.653618,220.2963,45.754044,253.3265
114.93073,104.83496,145.62958,152.09927
51.267982,414.01428,73.94347,445.1765
46.503555,331.03125,74.26185,370.8568
2.8550034,603.4429,29.219673,637.5393
22.473242,433.5266,46.413307,463.88635
26.454887,0.0,56.70179,34.42089
80.97396,209.17082,104.13879,241.23897
83.671616,612.5455,116.47267,639.72186
86.27904,98.70653,114.25833,135.66528
15.799484,122.88061,42.28698,158.25525
59.872566,62.164238,84.33604,102.34269
