76.91521,290.62466,103.21394,326.75754
20.198975,405.69656,44.284904,439.13608
51.754875,422.26904,74.984215,452.2395
0.0,515.4026,18.801682,548.34595
17.914604,185.00406,42.61648,220.44919
54.26233,509.38245,78.37631,542.28394
109.07895,225.24258,134.8778,262.5394
59.717926,612.2019,85.71706,639.9304
51.606575,182.14178,75.88168,215.27493
0.24285889,43.559715,23.422886,76.05267
87.985855,130.43695,112.92726,167.61414
0.0,88.76813,21.661282,153.62257
113.22525,443.87057,139.18845,482.09836
83.56426,446.89087,110.300514,479.16675
91.87224,16.246914,116.01781,49.331104
0.0,379.4016,11.211745,410.8523
25.516426,120.23532,48.53797,153.57343
91.69754,631.3269,114.63144,639.94946
