86.66861,549.6352,111.6026,585.5876
60.572342,616.7013,85.4126,639.8793
17.905201,379.3571,42.08596,412.92905
24.099545,499.1305,46.818653,529.65173
19.49427,184.37619,42.94033,216.7236
110.99797,299.62775,135.94574,332.45355
57.20674,20.635681,81.11401,58.285233
82.15175,376.41382,105.605225,410.72876
18.989326,285.18854,42.744972,317.28717
0.08806229,521.8839,15.122148,551.9801
116.09951,433.32153,140.99155,465.51294
43.931046,336.53876,71.2041,372.54364
110.5405,182.49652,136.58507,220.33444
77.533905,200.67958,105.4812,236.22359
91.781944,12.26446,117.56838,51.925926
123.96393,29.24073,148.61728,65.85211
34.76783,0.0,58.34066,13.639463
0.0,245.49464,10.9064045,286.8463
53.30223,204.7916,78.305435,238.47672
