116.24881,121.19762,141.1076,155.91234
0.0075206757,498.81305,18.264765,532.31696
0.2616501,0.09490776,23.895218,31.234201
48.55448,331.29108,73.012215,366.3593
51.741013,470.19156,76.41774,501.31436
115.73631,389.15796,139.09222,422.47308
16.065716,258.8274,42.589638,291.73718
45.933052,219.6792,71.39662,258.77692
118.91698,556.7566,141.14424,586.1492
108.51575,302.54437,133.43346,338.54205
28.54428,585.1051,57.354538,618.34094
27.491707,0.031108856,59.601974,38.30154
81.09842,338.2149,102.47461,368.90192
90.10205,8.61618,118.46864,47.992584
1.1554451,625.79407,26.290287,639.8744
91.37634,592.3268,115.11685,623.4501
59.035263,86.1933,81.6178,117.37503
