0.6007786,610.62915,26.28359,640.0
77.79524,423.90796,104.85919,461.70776
0.16161156,3.3576279,23.670708,44.284718
48.817085,502.5155,77.237564,541.6813
111.86159,201.53418,139.74883,241.81226
112.41998,384.65405,135.51257,415.73108
81.37021,251.21915,104.41235,286.14047
106.87596,537.1693,130.74486,567.4352
23.664436,160.15793,47.749863,198.7869
86.35588,126.803314,112.13948,166.19962
52.515762,359.67316,75.59804,390.85712
1.7285233,336.79218,46.425865,418.33832
53.15213,127.63075,78.61699,159.77977
0.0,403.729,14.108479,450.12122
0.03567505,227.80685,11.016956,262.33286
