109.19168,252.56586,133.17607,285.41534
19.652458,409.5513,42.770927,441.32217
0.042030334,163.92804,15.527439,198.60602
0.0,530.2571,19.208965,557.27075
88.87305,566.20135,111.14319,596.3593
30.736198,23.36752,57.604523,60.657345
116.25669,466.52554,140.26047,499.17038
51.852165,424.7868,74.72565,455.08313
49.762657,108.97127,72.88549,142.92287
51.87899,363.58728,75.09488,396.43445
49.72848,510.8028,78.37659,549.71063
0.12137413,12.84083,25.591516,58.504875
64.49843,0.049051285,87.662155,18.054903
79.11786,459.46423,107.621765,499.42126
29.794802,610.7515,54.231445,639.73883
123.30044,606.5102,147.94693,639.7797
87.049675,56.637787,113.12336,94.19202
0.0,281.8886,10.942329,313.43927
126.93364,0.055437088,151.71883,6.9475117
