109.42667,373.8834,135.0014,410.09317
108.13962,156.7453,141.83551,204.13263
26.93442,30.81691,54.757782,72.19168
82.98585,407.2165,106.35793,439.58392
60.341965,3.874237,87.498856,42.67682
79.05943,316.46704,104.740524,351.00513
91.218185,575.944,115.86589,608.7787
20.194386,388.09882,43.786766,418.35004
0.0,169.66054,14.673451,214.48274
0.0,62.964287,20.047691,99.29211
40.842407,443.93896,63.76645,474.1765
0.112511635,446.98157,15.080108,480.10657
116.51037,544.68335,141.39911,578.4331
54.732155,131.7617,78.150154,166.04549
11.98576,526.61816,36.32534,561.98145
