48.901848,259.5072,73.26894,294.8213
110.991104,331.58136,136.35216,364.09344
117.10092,607.43,147.68118,640.0
114.97067,165.1687,139.54025,197.7226
80.91998,181.73901,108.06113,229.4787
25.676939,120.376686,48.046844,151.17184
56.662952,31.356276,83.83452,73.07376
26.737228,531.02563,50.664345,562.46606
51.5971,357.15512,74.26401,388.58755
58.53168,599.3185,82.9581,632.1493
0.11301041,93.18526,18.17878,132.89362
10.643276,334.5096,43.7476,388.78403
51.93064,510.7934,79.13615,545.5374
82.06892,438.5954,105.731865,470.7956
0.0,501.48105,15.657385,533.6703
0.18779182,441.6884,15.572104,473.37186
52.353817,158.18993,79.63049,197.75523
109.79494,412.4467,134.77304,444.96762
122.27376,14.292868,148.50874,55.76818
78.87781,320.23456,102.91319,352.2657
0.0,294.6878,11.468248,325.4074
