0.6807995,3.0029297,23.528017,37.40477
0.0,575.9693,20.606289,603.0455
53.201363,536.94556,78.633354,570.54834
89.556946,572.70825,115.30588,604.4031
79.16266,313.6084,105.06958,352.95593
83.58644,426.81827,106.53487,458.6237
115.66965,520.5881,141.73856,553.17303
112.35225,392.85278,138.58784,427.45142
22.165901,106.92401,45.241043,137.46472
45.515076,345.4247,73.92388,384.4296
21.536428,248.14104,43.90676,277.29144
81.923004,179.31955,106.78082,213.9968
110.29413,320.3803,136.2828,355.2541
48.009712,213.83862,71.29267,245.77094
91.07492,27.437693,116.11107,63.687935
115.52169,96.359024,144.99423,139.563
32.387978,0.0,58.135735,16.09998
56.786507,87.27144,81.14028,122.992874
42.652992,437.44397,69.59083,468.54407
20.106152,417.82233,45.792164,447.65924
20.476242,330.68634,43.723015,359.5534
0.0,429.71988,11.711481,458.69046
