73.94827,586.91693,104.704544,619.6828
112.44084,375.42932,136.91924,408.15747
81.69289,427.55975,105.97232,459.81378
32.88377,618.8584,57.599613,639.75146
112.97954,174.41751,139.627,212.26889
50.544952,227.82065,75.47016,261.34006
66.8882,4.8343124,90.26335,37.802246
22.453539,336.835,44.432495,364.6954
52.70125,362.54187,77.0634,395.1167
82.85498,118.57631,108.69626,153.83403
0.12732315,17.081684,22.335419,54.514965
121.91376,58.93413,146.77887,96.9395
32.87906,0.0,59.727463,23.690142
0.0,420.29803,13.197551,445.57092
22.384106,203.12201,46.459507,237.20526
0.0,285.40552,11.847213,317.84192
