0.0,620.4921,20.547808,639.7767
0.6280956,543.2169,24.617723,572.07715
113.45126,228.06735,138.21552,261.58084
18.29982,419.88934,39.88342,450.3894
55.099957,535.3571,78.37718,567.8217
25.616503,521.58575,47.550476,549.7358
98.49931,504.1761,123.48552,535.1529
80.22807,415.26926,103.567825,447.0034
19.312843,249.03891,45.302094,288.91635
109.46701,361.3111,132.41432,392.60083
90.04605,624.94556,113.26042,639.8069
78.416824,458.4016,105.51225,489.44055
122.33467,90.65442,146.75798,127.31961
0.14964294,68.72302,18.281406,103.73062
82.67213,206.2219,107.471306,241.327
29.910048,583.78815,53.90143,611.82916
51.20986,438.8402,73.48606,467.69275
21.01596,351.47443,44.49025,383.9992
125.05957,21.997728,149.76538,60.079178
0.076683044,190.93259,14.343718,227.65698
35.15753,112.392685,64.038635,147.8922
49.760574,286.47083,75.79827,320.14868
29.30201,33.712784,54.35102,71.043304
62.315567,0.0,87.948654,16.731804
25.372934,0.0,50.422997,22.875603
87.20882,53.125053,115.90581,91.2662
75.87904,290.78357,104.695114,325.2671
0.0,255.91498,13.796012,289.6319
