82.93533,470.961,106.80698,502.73572
0.1343689,459.21033,15.170869,486.8252
114.98213,421.59174,138.57045,455.31726
0.010890961,60.626297,18.742695,97.70166
49.462746,277.5379,74.21063,308.0157
62.81813,57.09301,86.583664,89.03654
19.802711,248.85852,43.31618,281.6905
23.893787,378.16943,46.004192,406.8723
29.124716,26.046257,56.02662,69.6501
110.18941,225.69788,136.81548,261.4393
53.402916,408.36758,77.102,439.38693
79.6315,169.94083,104.82803,203.69519
72.07728,626.5945,98.22198,639.71606
117.49633,110.07669,143.50299,147.63382
0.0,326.97272,10.066817,358.69342
0.0,327.55676,15.180894,359.0952
100.26909,118.591675,114.23836,135.51057
