50.058197,457.661,78.543884,492.8512
18.918472,254.55229,41.590027,288.34796
80.47183,259.01862,106.27765,292.25525
50.032692,334.43857,72.20638,365.40793
27.024246,547.4971,50.729393,583.4441
108.26019,453.46048,139.4034,495.84818
0.17161751,95.64191,18.468616,137.56998
0.15687656,305.16672,14.880304,337.69095
21.378174,405.9672,45.052834,437.7914
0.13063622,514.12256,15.499632,546.3257
112.17366,319.9288,134.38008,351.933
83.698715,519.1616,108.474106,551.40674
78.75337,388.63907,107.5493,426.3973
89.12099,135.69336,112.31993,169.29596
89.66235,50.29666,114.629,87.2807
25.40441,62.718163,50.91033,99.25721
0.0,592.6038,20.599993,629.71844
121.792404,28.259918,147.5183,65.94794
29.613083,0.06952667,54.842506,8.738467
