25.506155,595.09937,55.744255,635.54395
90.01047,563.09436,111.47858,590.84875
0.09851837,513.6676,16.53325,542.9391
24.300747,500.84085,47.891277,531.36426
116.31415,508.22754,140.83423,540.46375
20.05849,202.40636,45.45722,236.64296
49.934982,235.5914,72.90213,269.81387
109.857056,346.61746,139.04169,387.3466
57.511513,531.3048,80.06324,561.5338
77.84543,431.64465,106.47162,468.6233
51.19319,411.46057,75.65459,441.35083
0.0902195,248.44238,14.733939,280.30347
21.779106,361.97327,44.831345,392.85437
0.0,135.86801,18.324087,167.90012
109.066864,213.92297,138.39703,257.96088
61.915333,625.874,83.90236,639.82935
28.635925,44.2586,54.30233,78.174995
83.237335,220.32593,106.97153,253.47565
86.825165,138.00092,111.6647,172.7351
64.105835,19.503433,88.135864,52.96855
0.15538979,628.1376,21.118767,639.9142
116.44992,23.590096,147.67294,67.15542
