76.70631,369.7769,101.23391,402.4352
0.0,529.2705,20.069443,561.19775
115.89819,387.74762,137.76016,418.80438
0.69412994,607.871,23.169212,639.8911
18.750725,387.55518,42.691597,419.31287
119.25923,98.753204,148.32765,140.01439
13.31028,241.78737,40.10112,274.9956
78.38072,287.31348,102.35141,321.4563
81.87082,475.14807,109.07965,512.7267
46.561104,342.8949,71.84594,378.1612
25.138863,575.465,51.005745,606.72614
120.466,472.91785,142.76425,505.2467
82.69531,147.98639,107.98506,186.59253
108.16997,245.47868,138.0756,284.27985
90.227356,595.13574,114.69656,627.2959
61.433846,609.2593,87.12194,639.7739
0.07488537,441.51257,15.48937,516.8741
51.445915,418.4464,76.077194,456.43115
83.22893,203.76787,107.80748,237.98949
20.085188,292.5362,46.405594,324.51105
9.908867,6.964218,55.26966,68.45047
84.17526,526.8376,110.73599,559.5063
44.262444,451.25864,73.384445,489.66013
121.304794,12.946503,147.68742,53.061203
49.152225,7.297516,86.05405,79.377
90.16663,0.0,118.87832,45.02976
53.146477,139.62854,77.93998,176.99866
52.240696,507.24158,78.20218,538.1909
