75.84468,313.89093,105.20863,357.90576
111.3333,329.48132,136.79369,364.98315
85.670876,538.7014,109.73684,570.6455
0.0,97.995895,21.241837,135.41243
49.046288,241.67859,75.79533,281.03436
26.464293,539.02295,52.358475,573.2047
51.727646,389.31512,75.52902,421.48956
120.29318,546.1543,143.66116,576.90576
1.2734814,616.0243,24.6283,639.9015
22.311441,169.10626,48.92121,203.53098
0.16483688,16.337341,22.362457,49.67054
83.22069,202.669,106.76024,238.23383
0.0,197.6467,15.062529,229.33072
59.096016,611.8959,80.49586,639.0648
0.15819931,545.46204,22.430481,573.5951
90.44963,613.59033,116.29344,640.0
115.462265,453.67834,138.71596,483.2998
79.34073,443.25635,105.441574,478.06702
56.916332,172.5544,79.89989,208.44633
115.72463,186.58105,141.34695,221.13257
126.62157,0.0,155.37764,25.622025
19.814758,233.0438,42.705914,262.69815
88.969025,40.485878,114.767334,74.7492
20.234259,425.485,45.816597,458.9121
59.137383,83.132164,82.46085,116.36402
28.045708,603.6053,54.23446,635.9213
49.83156,454.93066,75.10508,489.04163
119.72713,125.01674,144.58238,159.36931
26.815342,49.44126,50.82957,87.09055
123.09047,40.46827,149.67537,81.8634
83.85618,129.14572,108.660225,168.54526
56.367584,519.90106,79.946,550.1906
18.699722,270.48343,46.46025,307.91806
19.38818,387.34714,42.472004,416.0211
25.28336,115.4758,49.05315,150.48825
20.362053,485.84454,44.283325,516.4471
