46.84207,281.74854,72.90091,316.24646
0.34506035,571.90656,22.904785,600.6252
123.474106,612.9275,146.79927,640.0
118.206375,515.3807,142.98106,549.28595
18.655872,304.9541,42.105564,335.80768
48.95832,387.51065,72.53301,417.15573
110.375305,194.68893,138.26036,230.31277
113.78557,381.84634,136.37398,415.03287
82.55122,288.70767,105.62181,319.45157
83.09388,455.3797,108.00338,487.41583
22.528193,457.61487,45.30166,487.82648
108.76128,295.37305,137.04391,333.1289
120.76064,42.04859,146.37143,79.36568
21.851114,191.97037,46.177452,227.857
50.012894,114.26329,82.28778,160.42009
84.93811,628.50696,110.271194,639.86804
21.617432,95.00348,49.33786,130.52863
0.0,208.49527,12.8183155,238.42526
34.794067,0.0,60.407547,21.969904
86.13135,148.70755,110.595,187.3635
0.41746902,43.78,26.762573,80.18007
