0.21173859,616.32587,22.85175,639.6784
0.0,518.28174,15.789608,547.8102
25.569672,532.3048,51.28858,565.4313
81.67369,400.03583,104.10545,432.20477
121.66837,579.83704,145.1401,613.2306
90.85373,611.72327,112.39456,639.64294
80.11966,283.7307,103.11218,316.4469
46.736145,381.87045,70.74074,416.75565
20.135384,315.51892,43.900963,347.99615
117.31449,200.34363,141.01517,234.48865
51.818657,204.73291,75.46612,239.86511
108.34979,281.7121,131.99005,315.97247
21.386658,175.59366,46.23369,210.54987
54.119427,43.888,84.09154,91.672165
0.17128754,53.246067,24.60408,95.92758
84.347336,122.84076,114.017075,168.55301
0.0,388.6072,12.339205,424.18045
0.0961895,219.48996,13.774205,252.95358
117.2489,29.324532,147.13687,72.12831
