19.641266,385.3269,42.777756,416.94324
83.4897,190.13602,107.41148,228.95999
17.773724,213.28972,41.867226,250.07832
123.98084,7.2080765,148.58716,43.87957
50.08133,283.97235,73.34955,318.06732
73.56499,374.6661,102.84544,416.54428
51.399834,517.2759,78.35059,557.98535
49.592575,32.321243,88.23616,103.6862
119.05188,584.3654,146.62003,621.351
115.55589,191.77524,139.45392,225.501
51.794193,161.9291,76.40848,193.4984
26.307068,555.73584,49.990654,587.2357
89.756485,607.521,114.422714,639.166
92.102234,58.017384,114.5842,91.25835
0.0,490.21356,14.377157,523.6606
