113.91666,489.60352,137.346,523.4871
51.196014,503.2392,75.54559,534.55865
0.16941833,462.63696,16.305325,496.2882
80.9061,243.80284,105.60028,284.73486
91.77086,607.9546,115.96721,639.7561
42.683716,317.73047,71.28062,360.80054
122.29077,10.063709,150.74237,50.58215
17.739855,531.8187,46.565872,568.3993
0.0,50.048298,20.093952,86.85603
113.96626,198.09067,137.64589,232.36374
61.75216,608.4922,85.02949,637.51025
109.53987,355.76782,132.01968,387.23035
39.197495,0.0,62.446846,9.977814
89.33902,62.102493,112.442566,99.82361
56.170692,176.94319,79.55955,210.44456
0.13751125,245.73303,9.499256,291.30878
