0.0008735657,330.7865,16.503357,375.18298
114.66029,251.04407,139.37216,284.67407
77.31175,340.1786,101.40779,373.60333
80.01142,483.9754,104.79391,516.3126
51.56315,165.32913,77.42675,201.31747
112.51628,467.85834,137.0188,500.79034
79.465836,131.49362,108.13829,169.21371
121.77688,541.7488,143.77841,571.4011
47.587227,326.722,73.384834,361.39606
57.168587,549.7241,80.06066,582.82947
23.01761,157.13861,46.372757,189.61871
31.796165,2.0730247,56.24475,38.151245
0.16103268,448.77942,15.14069,476.71924
29.593334,598.13245,52.260365,629.4845
19.746254,368.36096,42.793526,399.20435
22.03797,475.61737,46.346245,507.09613
0.0,519.0906,14.657511,550.6063
