16.903004,291.6563,39.902584,327.0257
23.622126,357.96942,45.48945,387.84637
90.93448,586.8177,115.32828,620.0683
49.76101,202.49213,74.550934,236.37393
0.25463152,436.36533,15.931763,467.81302
114.47777,446.11377,140.06949,481.83435
21.342102,166.35596,46.984787,201.59235
85.69554,482.11737,108.816925,513.4316
56.304832,533.6179,79.09818,565.9829
28.928604,12.421696,54.94513,50.177586
110.922516,142.05182,136.35736,176.53656
23.546515,474.87433,46.078865,504.62115
57.396828,62.46197,82.60494,101.369995
0.0,558.73883,22.104298,596.46405
29.930977,561.92615,52.768654,591.7971
83.22052,67.38452,111.5163,109.13136
55.688816,137.5065,78.60022,170.53458
124.659515,0.0,145.38882,6.9782987
