83.11518,459.6814,106.79571,490.443
50.181442,196.14136,73.641426,233.651
0.026836395,28.790184,24.789667,71.468155
54.840866,541.5919,78.76511,573.0686
80.18208,246.72998,104.79845,284.02924
50.5953,386.41196,76.26988,420.8101
25.56627,514.84033,47.50644,544.2737
19.200935,303.79773,41.929764,336.55927
121.50609,68.95424,144.64214,108.97157
108.251205,342.4831,137.06892,383.1858
89.25844,564.4933,113.38716,597.33093
119.19783,576.85846,143.10979,606.50714
58.540306,66.49046,83.02938,105.17236
20.230036,108.83154,45.666878,147.24716
0.0,480.05737,13.2471075,511.28247
