112.072235,330.93903,134.71074,362.39673
115.86206,508.9709,140.97263,543.09686
54.31163,534.662,80.49542,568.70935
81.32866,251.60521,106.03789,287.51538
19.124462,453.87933,42.83607,483.77618
18.525793,235.99838,45.599678,274.0961
123.44862,594.86804,148.22774,628.254
49.695953,289.43292,70.14975,318.19427
50.344902,71.13936,81.032646,120.28233
47.81942,405.72745,71.63433,441.67685
0.34706116,0.0,27.391396,16.582064
90.12787,21.757229,116.18515,58.600163
114.620895,113.19383,142.99629,161.83882
86.927315,563.5447,110.482765,592.41724
0.0,209.12027,14.894362,245.52493
