24.39463,500.3359,50.740227,538.25146
16.408691,334.57468,42.421455,370.7513
113.297,393.0534,138.84566,429.3537
0.21047783,6.2047386,20.897007,41.859863
81.27231,498.93945,108.73538,534.7345
114.1561,224.27777,138.69751,260.63416
0.23620033,81.71879,23.594677,114.36227
121.16728,556.97156,146.25761,589.00793
81.476166,280.34106,104.4178,311.39978
124.80464,67.46391,146.55818,101.68239
81.59607,366.47894,104.731445,397.55804
88.28832,589.14746,116.07346,627.1565
0.053703308,556.2611,19.390968,593.2565
81.29898,181.68082,106.753174,218.10434
0.063085556,182.69164,14.788385,216.15862
27.670952,51.405754,52.26973,88.8164
58.575005,525.7356,82.4343,556.73083
11.679993,405.2658,45.593033,449.9715
50.38909,313.1368,74.05496,344.3527
52.495026,161.62335,81.39084,199.61243
50.36299,622.5993,78.52139,639.991
85.98619,114.80249,110.4144,150.68436
22.408484,137.91183,46.18038,169.85312
48.45294,443.77673,74.98172,477.9254
24.811577,242.19456,74.77564,279.94446
117.96727,154.39937,142.91646,189.162
48.354713,242.41907,74.67443,276.40186
26.537289,575.93896,54.99703,610.6572
32.66823,0.0,58.02275,24.119576
20.623884,251.04056,49.28047,284.3569
124.88776,631.09235,151.6271,639.8505
56.357292,103.493515,79.11469,133.28653
87.3667,24.388124,114.9321,62.54608
0.0,267.43304,12.370432,299.74554
