18.314754,271.02826,43.04433,308.6231
1.0370197,0.24901009,25.259506,31.96818
0.0,490.58142,17.458149,526.0758
101.03006,342.68903,131.24368,382.91034
114.096405,567.5349,140.59967,602.87964
0.0,351.05353,18.63815,388.95404
84.4268,483.52747,109.18974,519.11426
0.0,603.26855,23.197021,639.6986
51.384567,514.5813,79.71823,555.1338
58.572952,0.0,89.26254,44.02493
20.636045,561.91064,48.99774,600.10376
44.682144,294.71478,73.19065,329.68787
116.383514,136.47223,142.98862,173.68576
120.22198,38.72947,146.94916,74.19271
25.419416,58.180054,51.651962,96.87274
52.187485,120.62659,81.30878,160.81744
86.17398,104.34494,111.27031,141.93231
