59.856796,589.0329,83.81474,618.7387
110.97406,317.11478,133.56963,350.95938
32.993217,619.0631,56.14969,639.8578
115.240585,502.44922,143.2004,543.58215
84.405396,465.14905,108.006836,496.75195
19.087086,259.9035,43.441177,293.09882
76.79892,181.73631,104.32497,219.34383
92.69516,0.0,119.69162,25.590464
124.953186,21.768913,151.08508,56.867577
0.027274132,491.76617,15.534418,525.2347
83.99545,252.88997,106.673645,286.27655
107.82324,142.42627,133.87701,178.67468
0.0,194.6712,14.843069,253.66153
18.398941,371.46616,48.828926,400.0729
