113.801544,146.68462,137.6748,184.58333
112.07193,322.93185,135.27252,356.5566
113.319336,460.15463,138.85782,496.31412
43.05442,380.86325,76.65972,424.0836
0.84311676,373.63412,24.705423,405.54837
21.160698,458.59482,45.797523,492.29318
24.583021,237.60416,46.95627,269.07614
83.17804,420.724,106.84125,456.0841
53.40272,532.10974,78.97801,565.42664
18.924885,308.03937,41.068974,340.58038
83.33432,50.574936,111.75339,90.196594
26.412453,571.63586,50.808968,601.4005
90.813736,558.78735,116.089325,589.94385
63.179844,628.58044,86.98367,639.9103
114.0385,560.27637,141.16698,595.93945
0.13737297,239.56856,19.376482,283.9599
91.911804,559.7004,140.74542,596.6866
