18.171768,364.0407,41.08109,397.3062
49.087837,270.23984,72.6385,307.37906
75.35722,300.8033,102.6219,340.28317
48.791565,346.98608,71.73883,377.15186
57.72381,68.858604,83.06396,112.72024
0.40373802,24.865965,23.522411,63.329712
115.35944,58.801468,144.90088,100.71294
108.60574,387.12256,131.98341,419.1172
3.4492865,267.8705,29.74884,299.85324
27.759598,539.30286,51.182114,567.5741
108.54945,218.97168,136.56392,257.37076
49.33352,416.25064,72.2823,449.25015
21.477875,468.96838,45.006393,503.31177
