116.28412,482.74463,141.10947,516.19434
17.558846,334.67078,41.67721,370.15625
50.41722,324.22607,73.84762,360.9486
27.596138,571.5244,54.718323,604.4591
80.151375,354.59735,105.10725,387.93262
77.011406,203.1014,105.788704,244.99937
0.012825012,68.832275,17.75613,103.841644
20.136023,170.77213,49.284966,212.78598
43.437584,384.73926,66.96849,415.0724
50.257896,181.94417,77.72747,223.86543
107.905914,329.48077,133.75974,362.2049
85.301216,105.930756,111.084755,145.68463
24.43561,39.603798,52.017365,86.11434
115.76801,184.2321,141.0675,219.98256
118.24561,6.713991,149.40479,58.892273
93.70912,629.58325,117.09013,639.89417
59.899433,22.294075,84.64891,57.900536
