48.295776,312.70435,71.7764,348.0288
91.5699,611.8741,116.77348,639.8326
112.73236,148.8718,139.7673,189.33023
82.68057,226.50955,104.629395,260.04724
0.035520554,501.7376,16.267126,535.4356
80.38801,398.0176,104.04485,432.46408
49.39431,490.82263,74.059265,525.1892
19.915474,456.73767,42.99381,486.79907
115.0965,251.58597,139.12598,285.50174
51.417603,212.08801,75.30052,244.72256
21.41146,138.3825,50.759407,180.91351
54.72961,72.63495,79.598724,109.17218
20.925573,248.6528,44.704994,280.76047
99.20303,27.558998,125.986755,65.03034
0.0,165.78928,15.815279,198.97635
