1.8751831,291.84735,41.584637,349.2447
51.280746,220.7815,75.3238,255.8612
80.93866,193.80524,105.36536,230.6001
108.58688,453.5699,137.73737,492.2235
114.06027,268.8979,138.7225,307.47992
57.58715,571.09863,82.69634,604.6196
81.62401,267.76593,106.58,298.72894
0.0,553.3678,19.974012,601.15125
82.78203,500.7597,107.18892,533.023
49.816277,464.6989,75.01222,498.0683
75.87366,335.64,99.962616,370.8109
20.33339,507.7929,45.332703,537.75775
123.98283,608.1487,148.27603,638.7959
27.970327,554.985,52.885002,583.52466
46.873657,352.63184,71.64961,382.3318
79.801956,398.45224,104.186844,434.45676
48.98257,128.31201,79.0224,168.15903
1.9911156,340.08783,40.067142,398.1159
83.852615,96.103134,109.52638,132.62045
116.97945,60.506035,144.4788,102.67422
1.1674576,291.8699,34.004326,337.2399
122.28557,17.588364,148.29048,53.30139
