110.225266,402.29907,134.20642,434.83997
116.427155,606.2627,145.3251,640.0
0.0948925,531.2897,17.389254,561.6969
48.71833,258.13818,75.01967,296.83496
19.71599,214.15793,49.313538,252.8364
83.32977,283.06848,107.07364,315.3723
20.041412,424.34534,43.41675,454.52795
84.65727,157.22702,107.597946,188.8389
123.894196,10.158047,150.31143,52.105267
86.688126,548.3799,110.95116,582.20105
26.147179,570.49243,47.971115,600.9414
121.71173,101.024704,144.67682,136.57753
0.12593079,61.425385,22.68283,105.6335
56.69489,117.73326,81.533936,150.58339
21.091736,125.39441,46.34552,158.82983
91.24417,0.0,118.65683,14.163862
0.10330486,159.50482,14.588189,192.37286
