0.107681274,610.96204,22.7956,639.6373
0.035308838,539.84674,16.52568,571.64764
75.85541,342.06058,100.06978,376.2048
114.67151,337.0959,137.42264,367.79865
109.674866,205.5235,138.36423,243.08691
20.25631,491.99573,46.47151,524.51196
79.85988,457.44708,107.92854,494.56842
18.508377,324.08026,42.58886,356.21808
59.334656,551.46515,82.832855,582.72845
46.426125,313.64667,72.58232,348.14685
89.37959,563.6882,112.44853,595.74945
47.344444,265.11896,72.31457,301.25616
118.052246,422.54813,141.8227,455.7111
51.66503,381.59775,75.030716,418.70334
0.0,377.04425,14.384465,455.66962
77.962585,285.26608,101.82962,320.3209
17.443855,179.18304,42.537834,212.26047
0.06190777,465.25793,14.2691965,499.5498
83.69154,508.46265,110.47191,544.542
9.850193,0.82418823,56.87811,69.02817
46.919044,390.3653,74.55764,453.56592
20.557299,225.04056,45.729797,259.38293
83.32655,135.85034,108.44469,171.98767
50.88851,198.9542,74.272316,230.03226
52.28647,85.79924,81.766205,125.43297
54.129353,135.10364,78.06566,171.27533
50.83561,464.70013,75.24206,497.00922
46.89293,417.55725,75.12993,454.11725
