18.742332,248.53046,42.724792,283.02216
19.96167,400.05792,44.601807,432.82635
111.935715,314.002,134.91704,347.05817
50.259346,450.45203,78.38792,487.4762
83.59282,512.6571,109.09523,544.0375
26.224586,540.84753,49.7146,577.1559
108.61386,445.66138,139.44788,488.75916
49.85826,328.5326,72.30298,359.20435
0.0,587.5151,20.282139,624.983
80.55592,252.24933,105.56734,285.9466
0.10675335,297.238,15.274342,332.50797
26.140036,54.283226,49.856255,91.99157
0.064416885,89.600845,19.099947,131.8301
0.0,508.27057,14.700954,541.55194
90.19441,128.93787,112.32976,160.63141
79.123215,380.78656,107.4574,419.05548
122.38146,23.221941,147.25586,58.797974
89.95775,43.23871,114.7325,78.952774
