113.12129,353.84933,136.24994,387.0579
2.21241,416.07648,43.276352,468.925
127.83394,3.329834,152.28471,41.99684
72.542496,239.05157,97.70767,272.1679
49.462654,409.1814,73.18379,444.64624
81.58145,460.09552,106.73093,493.9848
68.58183,0.0,92.05919,18.151226
55.462418,525.8133,79.09088,558.6237
20.975811,219.38182,45.26359,253.88643
0.15441704,57.540695,22.968971,94.41899
26.482176,54.757607,53.77829,99.02157
58.558357,97.24361,82.55274,133.20233
94.6406,43.915627,118.77802,77.559586
115.62984,580.24,139.97377,612.87915
28.426537,560.0243,51.907043,591.13293
86.0255,621.36163,111.92842,639.889
0.0,558.17816,18.937216,597.6058
116.8561,130.25723,141.95059,165.9786
0.0,221.31879,14.651195,255.11407
53.686493,171.23837,79.23828,203.89957
32.559372,618.853,53.70864,639.8052
87.248276,150.42749,112.474075,187.15387
