58.072147,603.7511,83.747314,638.1212
112.43675,251.3289,136.00148,285.18097
83.74193,445.58472,106.70311,476.63745
19.760136,468.60907,43.985672,500.90717
18.05909,334.1227,41.41838,367.63937
47.91416,281.7232,72.11762,317.5772
0.0,507.47223,15.638096,540.472
51.31707,412.9264,74.07029,446.96814
77.81076,301.53198,104.80075,343.07434
125.51629,25.129242,150.6499,58.70192
51.726974,172.60818,75.623215,204.86618
0.0013046265,83.762146,22.884247,124.82922
54.321304,77.56732,81.51268,117.00845
115.74835,406.52863,139.70486,439.93903
0.4164505,0.0,24.45419,8.34477
