93.57875,0.16578293,122.3528,36.6472
115.949905,122.98398,140.00186,156.32758
22.280716,97.50485,47.412308,131.3844
72.999725,388.928,106.73178,437.51645
43.457542,188.53265,76.8787,244.43436
115.53218,437.61316,140.32053,469.58447
86.90779,231.7089,110.198074,263.26428
0.0,476.59174,15.07238,508.4604
52.85852,509.9682,77.747894,543.28326
86.70918,539.47705,111.54701,572.06445
108.264755,295.92886,134.99394,332.0071
60.10292,0.0,85.2377,26.76936
0.111932755,89.532196,15.814017,123.93405
20.83036,380.03632,46.01278,412.159
121.28173,582.0155,145.48169,616.70935
86.4057,607.853,113.730225,640.0
0.10176468,208.5929,14.129686,240.07867
0.0,618.76416,20.259796,639.7759
22.39704,194.7951,44.58422,225.7586
