0.0,507.54956,20.688362,538.94116
21.4887,459.94702,45.88852,493.9052
86.12869,540.6074,108.55777,569.7822
80.50577,209.08487,105.20087,245.70267
51.914948,535.07184,77.341385,567.7098
50.570816,323.3723,74.19347,357.23853
118.89955,531.39484,143.63771,560.72064
114.23103,398.2284,137.20976,430.42505
80.974335,437.81323,104.02673,471.05652
89.31452,626.59985,113.50208,639.8157
30.966293,0.0,57.156372,24.122444
51.88177,173.63174,76.839355,209.23157
51.743317,25.808424,82.00415,67.24979
21.965809,208.20021,44.9483,246.34334
21.070988,301.42932,45.79838,336.5044
0.0,389.65668,11.661495,420.31073
108.1456,237.54309,135.9447,273.79913
0.0,213.37292,11.651892,245.16708
