19.58228,445.67697,42.516937,478.70505
48.83863,331.63654,72.27247,366.14044
85.4478,492.66956,109.8298,527.8042
119.985466,119.404755,145.62732,155.74203
57.78651,581.59357,81.29152,612.5164
28.146973,527.3511,52.84678,557.6798
19.633282,199.05722,44.30219,234.12991
0.047771454,93.143265,17.284267,128.86917
86.06207,185.60104,110.36276,217.25308
119.22019,575.6632,144.51395,610.2024
55.183773,137.70926,79.24039,174.35959
66.16307,0.0,91.63197,16.496206
86.71123,48.031857,113.10771,93.26428
28.524872,59.798218,54.783432,96.74815
0.0,252.26746,8.240215,285.61572
0.0,251.76447,15.308357,286.56085
