0.0,498.75314,15.955567,532.13086
52.050846,266.4764,76.2164,300.99905
16.941792,296.76636,42.506912,331.91882
80.16339,463.66302,103.4086,496.0722
21.264153,446.35425,44.47152,477.52295
118.75516,531.6802,140.81891,561.0303
0.0,120.52887,18.21207,156.32892
80.573044,208.51791,104.16469,243.57294
59.467308,601.40375,82.37673,632.8676
1.0014496,592.82996,23.550829,622.4767
54.399536,179.21948,78.87718,215.2608
23.738869,178.14702,52.10611,220.60435
111.39073,203.53749,136.76442,239.24724
92.25877,625.2622,115.39142,640.0
28.346369,601.1035,52.041756,630.77234
29.532745,36.41108,54.11969,71.10958
58.392647,23.450901,84.40299,62.39777
91.9207,6.819336,119.84155,46.949585
0.0,347.2682,11.475775,378.03955
123.188194,13.267113,149.74905,54.0579
