112.4155,428.93723,138.43622,468.00156
57.951828,561.8971,80.19089,591.9574
82.46845,257.6264,107.08781,293.43207
81.351,470.62494,105.682755,503.97858
20.134602,460.74133,46.21374,493.28253
117.952866,563.8217,141.60997,594.7315
25.56976,235.60277,49.13561,279.73486
114.81015,98.54358,141.53577,138.62076
13.776436,0.0,57.08345,40.32459
0.0,147.62231,17.504202,181.005
111.27222,293.1657,136.48438,328.74738
26.942417,551.7478,48.70586,579.7588
92.64886,0.052324295,120.388664,30.756184
56.178856,90.68547,80.111275,127.27797
89.92639,85.836365,114.188995,118.72366
25.442383,120.68016,48.61383,154.60051
0.0,418.00308,13.09756,448.86325
90.88155,631.81006,110.54226,639.9087
0.0,203.6403,15.184097,240.66914
