113.58118,260.86017,139.37987,298.34747
15.190418,365.8014,43.169106,400.38403
84.13923,363.81683,107.749275,394.19012
48.17621,424.3127,76.159134,463.3986
23.17102,494.89227,45.834,526.35034
87.97566,28.642357,117.830124,77.682434
0.19021606,72.42545,23.104343,108.85328
83.38283,457.3666,107.97145,490.95078
0.2801361,0.0,24.937473,27.3481
88.7717,557.3518,112.03694,584.79834
52.32867,206.94745,75.83185,240.58124
0.13014603,153.0982,18.068546,186.34808
0.10036564,546.66595,15.111774,580.3577
45.869762,39.78137,84.11839,93.75574
0.0,443.31165,13.755521,476.60553
86.539734,162.9119,111.30771,194.85593
118.482315,577.1464,144.15651,611.80853
119.80586,148.62598,142.96284,181.67871
22.435144,147.73257,48.269356,182.66306
0.0,266.78455,11.454435,299.885
29.60812,568.1594,54.969486,597.28845
57.633533,560.3813,83.1967,595.6872
32.432907,9.259132,58.45777,49.56663
