0.2800045,530.9523,23.91229,564.27795
19.996292,352.84705,43.05176,388.3777
115.35721,510.2943,138.39232,544.015
114.277985,235.55908,137.85568,272.9621
85.571686,569.8069,109.41373,602.8008
47.78167,295.14246,72.274704,328.34277
33.520256,12.776634,55.719475,47.42894
0.03668499,270.4466,15.746294,305.9024
26.896559,87.953384,52.281296,125.498245
89.92015,74.05745,114.62642,109.16672
25.030838,230.67728,47.56955,265.68808
56.01785,572.849,81.22656,604.75574
114.95392,131.0633,141.92584,171.46771
29.062977,597.2273,50.276012,627.5144
95.68678,0.0,121.479996,16.296743
62.131664,4.6731834,87.152664,40.674038
