0.36117172,0.010154724,23.124748,39.572388
28.62486,606.75085,54.169388,639.1156
51.782066,428.00565,75.4899,460.0228
51.33062,506.59723,76.60253,539.81537
83.10115,488.64868,108.331375,521.0691
113.5815,183.54951,138.4679,220.86855
0.0,499.80524,15.297123,532.23065
46.59848,346.2826,69.58006,377.239
79.282166,387.56787,106.33389,420.89233
110.59273,250.6271,133.90184,283.67703
48.835426,269.11884,74.26742,306.04938
121.872314,14.8519745,148.15317,51.76877
82.97159,236.05704,107.36977,271.88858
21.165575,427.48682,43.27266,458.22974
59.022675,625.964,83.48837,639.9674
19.67528,265.87122,45.675323,302.07996
116.62988,588.945,145.65668,628.45624
27.407475,528.44214,53.025364,559.9728
6.8923874,355.38098,32.505943,388.15674
80.349976,169.65535,106.21765,207.83217
120.82904,112.77693,143.7055,146.73882
89.51544,29.739693,114.80611,65.20615
22.948807,121.28732,48.673378,157.29633
43.379326,20.508186,84.095634,103.03141
20.041702,164.56451,46.039215,203.5899
91.6651,614.20154,114.83209,639.63806
26.086952,58.31311,49.199768,91.2439
32.850033,0.010801315,55.855473,15.76858
