18.805138,279.22833,43.799477,314.19122
113.433975,339.31763,136.84128,374.55048
113.99808,219.83173,138.15895,254.78735
11.961136,354.56702,36.260292,387.56024
119.30597,580.2545,142.2702,609.03174
82.39456,303.2555,105.701324,334.76172
51.227753,238.53812,74.22983,268.63242
23.899157,470.43796,46.32184,501.16177
0.0,579.18823,20.467508,607.70215
0.21155262,480.60046,15.240252,511.0531
0.0,95.073074,19.286943,151.65358
83.3784,438.6967,106.92375,472.30972
86.05098,32.361374,113.68787,72.5492
124.824066,13.640308,150.68088,49.67704
56.103336,76.22865,82.14026,117.32068
51.28804,368.6684,73.18434,396.98126
28.141077,133.67859,51.79014,164.87665
0.0728178,296.22412,12.896882,333.98718
