81.61122,482.86847,108.000534,518.48303
112.19321,433.5721,137.72903,468.0909
26.853872,570.5988,49.59481,603.0445
53.34906,174.70041,78.27519,211.5917
117.572945,124.58812,141.83295,157.50948
19.830658,310.19687,42.741894,339.24973
92.25781,1.5046883,121.39334,35.643032
82.29295,224.74103,104.02196,253.768
59.32717,569.8513,82.88509,602.2483
80.86403,330.22955,103.99199,363.247
0.0,88.610565,24.24728,150.88464
0.13371277,536.5555,15.843649,566.43134
13.213978,372.75604,36.41021,404.4256
47.032745,367.8801,70.7946,398.6227
120.59423,621.4729,149.29236,639.86646
0.0,256.57794,14.794197,315.05475
0.0,209.9005,12.788221,239.66292
