82.34775,278.201,105.821335,310.1543
10.750954,245.17429,36.46483,276.60684
44.694427,282.95007,73.53024,319.5161
22.542328,432.29565,44.70775,462.9204
111.267624,444.93024,135.8094,480.0987
25.383009,77.005356,49.871338,112.9167
0.10133362,52.486084,18.00372,92.65726
27.63324,562.1886,50.925674,592.631
89.75352,603.44806,114.1171,639.4683
107.71744,136.28717,136.80898,176.62744
49.848145,369.08588,71.82747,403.7337
53.356205,115.9814,77.20639,153.73979
0.0,554.64246,18.76037,586.70593
58.86682,575.18396,82.86563,605.0952
0.0,391.90393,9.208393,425.49493
