48.483543,242.62868,72.81458,276.1355
16.656883,323.6769,40.298653,359.81168
23.036667,391.42282,46.0716,420.65463
115.95686,483.22894,140.42094,518.15594
19.839144,203.65585,44.72322,237.5813
25.881197,60.34758,49.797775,96.83621
109.84207,187.29652,134.25731,221.72765
0.4337616,594.3901,25.088398,634.55096
58.236473,569.15643,81.51502,600.555
117.85039,9.530186,149.0923,52.28642
87.78108,516.31934,111.64229,548.4531
0.0,471.9091,19.632935,505.07333
82.10831,110.44589,109.010605,151.867
25.752464,508.29208,47.864746,537.6156
52.358032,175.71402,76.59569,208.35269
92.3347,620.7311,115.19371,639.88684
54.53502,99.54227,81.81314,138.6177
30.978203,594.98096,54.792587,625.5886
