14.253117,283.6186,37.730644,314.79987
50.238426,327.542,73.30245,359.77893
0.0,510.4524,19.007418,539.4492
48.923378,440.3855,74.50597,476.6828
33.752525,504.85947,56.76265,536.25793
76.78993,351.79807,104.90961,390.5983
0.0,202.86914,14.463361,235.98987
0.17139626,369.40625,15.16623,399.98633
116.72479,184.64401,141.96579,215.67087
117.52777,509.21307,143.35483,538.9583
81.82556,478.48062,107.536194,509.9033
0.0,1.7399864,20.74923,34.401096
22.735588,372.18774,44.88472,400.30847
108.21895,268.55206,136.39125,306.9748
115.581055,434.17035,139.9353,467.4721
79.87253,411.36304,103.69739,447.0647
34.575706,615.8916,56.549202,639.79834
22.525135,153.15543,48.53066,189.54349
120.76001,19.595922,149.72736,60.013603
32.18947,0.0,55.680252,28.30185
84.93246,192.40434,108.8541,224.18648
0.30529785,599.2438,23.826073,637.1139
25.928604,89.89553,52.978905,123.59083
0.27995586,133.99036,15.495436,170.07129
89.92032,0.21170044,116.155365,35.606342
30.888453,565.947,54.29383,595.91064
82.74054,619.6929,113.87323,640.0
51.815525,207.08473,77.37912,242.11302
54.143143,90.68948,82.04544,127.86131
0.9071312,599.60443,31.661182,639.04095
