123.62136,3.2224426,149.21933,37.834724
115.79889,481.49792,138.44603,513.1875
50.309814,378.5014,74.45184,411.1662
19.819012,283.2578,42.759075,316.33167
59.09236,190.16132,81.09874,221.97144
49.513336,303.90665,72.39004,336.27695
115.838745,394.65826,139.3575,428.56372
25.02639,139.95618,50.272667,178.64551
84.86587,542.5084,109.2172,574.3612
0.0,559.8186,16.315523,589.68555
77.10007,335.2019,100.97319,370.46313
22.208916,489.02185,45.60073,519.67053
112.62451,243.81026,138.05617,279.57843
66.85826,459.22986,92.39032,487.82074
59.843266,604.59424,85.24136,639.38257
61.573704,4.1338882,87.81137,41.726128
28.259483,45.42221,54.879593,82.489136
29.961323,611.1894,52.733685,639.62115
0.0,112.098145,14.20922,149.13336
94.96841,0.0,117.769875,9.332979
0.0,425.85446,11.265245,467.80783
