0.19634628,0.8017616,22.74023,39.812576
82.724754,210.08592,105.825554,244.28456
114.85312,512.6548,138.42929,546.2117
78.071045,374.97806,99.68533,406.42484
114.93594,204.9735,139.73605,236.98195
16.616035,346.99796,40.341484,379.6323
23.190332,182.25452,47.402122,214.09515
0.21238899,575.40015,21.793213,600.76685
0.0,470.5854,17.779812,508.1615
57.06288,0.3118477,86.83446,36.515274
88.74237,56.49285,112.624435,91.12643
23.72416,459.6214,48.075356,490.4063
48.905273,466.646,75.23042,507.21155
124.83025,20.85397,151.27185,58.15301
87.46182,548.40314,111.66841,584.90485
29.371323,567.72253,52.272278,598.0807
