82.603195,199.84428,105.33208,233.6928
114.830765,503.2332,137.7119,537.20435
115.590836,191.29947,140.09825,225.73257
77.66523,364.31055,99.89878,396.82623
0.15040016,0.0,22.845287,30.980175
0.013080597,568.26117,20.25135,593.8786
24.121674,451.66302,47.464966,481.18097
28.401478,560.3425,51.812878,589.5126
16.352802,337.9516,40.58682,370.42853
22.923574,171.75116,47.847557,203.81421
55.946106,0.0,87.768845,27.427666
0.0,463.91833,17.213522,500.23865
86.49864,539.94507,111.53581,575.9624
48.163963,457.3332,75.19624,499.54437
89.27969,44.18551,112.544495,80.43373
123.62995,8.903957,151.35632,47.55329
91.3731,632.0213,112.8482,639.85895
