80.46967,305.53754,105.312035,340.7473
113.55298,337.52026,137.36977,371.1452
120.85402,489.19446,142.94432,522.89343
88.48166,29.331614,118.418884,71.98557
80.34715,472.12857,108.331985,511.39847
15.069195,245.1771,39.89923,278.11246
7.5645065,387.034,47.618156,449.64716
89.36247,94.96831,113.31778,131.31273
0.17311668,104.24509,19.404406,144.71725
0.17928791,513.0509,14.568364,544.7145
0.07481098,217.32376,14.587867,251.56332
49.41852,589.57367,84.96448,639.5727
91.49245,616.88184,115.38338,639.78345
32.794212,589.6094,84.55718,639.5747
25.610626,573.41974,49.546318,603.5849
29.215801,58.8308,54.85918,92.955124
