0.0,36.444626,19.246098,73.569
45.667633,264.8026,74.04562,300.66138
83.12671,256.4691,106.10574,287.63516
11.754227,226.56015,36.956673,257.57352
26.233458,544.82074,49.94124,575.6724
88.39909,587.1283,111.825424,618.98816
20.526867,414.555,43.628193,445.76288
58.69912,559.0457,82.16776,587.45197
49.696037,350.8277,71.92866,383.65228
26.888908,55.818924,51.034477,91.61623
0.13587761,537.40076,16.534573,569.05505
109.16159,424.9836,134.84271,460.51724
54.169918,93.56384,79.07193,130.03255
109.32951,115.11754,137.34676,154.82365
0.0,374.62244,9.870188,407.3056
