49.827477,55.48137,81.52375,100.6758
17.678493,279.10712,40.54953,310.97784
0.050203323,559.67206,22.260561,585.9805
120.78709,64.598564,143.95126,99.169304
2.2567387,3.069004,28.526848,39.516045
76.33542,273.00174,104.36316,308.0438
113.473694,371.6725,138.21057,404.6897
46.910408,291.97925,71.56075,325.64893
0.12728119,447.62683,17.140068,492.59143
118.475105,585.97314,143.67133,618.65894
85.61763,609.5156,110.59355,639.68115
23.180016,490.45923,45.615524,519.6644
50.740288,457.31818,76.35405,490.4417
91.24566,44.769653,115.83944,82.71957
25.347292,145.9927,47.98224,176.49948
28.58149,586.9447,53.327698,616.1439
80.85499,463.77002,103.78208,495.1482
53.622684,0.0,76.65985,10.288128
0.20023346,629.35925,21.376049,639.9574
