122.616806,52.311882,147.22862,88.18502
115.29201,482.58972,138.82549,515.64215
83.37179,559.51807,111.80895,591.5891
18.329796,336.30048,41.88348,369.36176
0.24082184,404.27322,23.320312,445.85355
50.60441,351.48486,72.764015,382.8954
78.90828,264.5086,104.11543,298.54425
115.70294,175.01837,140.04285,207.69061
47.198822,263.26178,71.178665,296.05573
112.189896,307.29022,137.1787,341.41602
52.67304,552.5918,77.94263,584.1277
90.54281,64.804825,113.06858,95.817795
24.179268,543.1035,47.57521,576.41956
121.223,631.328,143.32144,639.8607
