89.31605,560.65576,113.48095,595.4602
57.759872,527.3164,83.33179,558.9287
52.04708,418.25415,74.92031,450.05383
22.138317,417.21954,44.41872,444.95038
116.03723,434.3456,140.20111,467.88864
119.61838,551.22925,145.87033,584.01416
108.404755,290.02017,137.32535,333.47537
81.919304,237.06781,103.718285,271.8642
114.69679,104.24298,138.9499,140.16339
0.3676567,0.0,24.208015,41.613197
107.088425,13.487198,134.02441,50.88954
0.0,475.6203,12.191826,507.7011
29.55154,25.09155,55.75852,61.39206
35.7297,127.96161,63.02413,162.42496
0.0,299.52325,11.064486,332.57166
