115.43494,546.55475,140.09677,578.7491
47.10466,336.2719,70.764694,368.896
79.84969,312.62354,104.185005,346.73108
16.042252,347.8015,38.873447,379.62646
48.463455,260.61224,73.80835,295.67938
0.08643913,74.8961,21.052374,117.88103
24.222418,520.109,47.83918,549.7335
56.492653,501.52347,79.233574,530.81665
116.30647,385.1151,139.13878,415.08563
64.713394,383.75842,91.49568,416.15515
58.572685,626.2693,82.76676,639.96216
115.65289,170.79636,141.23953,207.76733
82.1878,166.42964,106.509575,206.04588
120.586395,44.717495,146.18777,86.66434
28.498447,24.631554,55.82259,63.63646
22.511993,152.42743,46.4964,185.82574
53.929054,61.263077,82.305824,100.42218
0.0,232.19623,11.833797,268.9119
0.0,373.54642,11.47016,405.15604
