3.8679886,420.40417,44.520622,472.29327
82.22041,337.49838,105.0034,368.37766
82.92372,469.39203,107.87245,504.6955
78.47264,251.9342,103.4803,287.3786
49.86187,300.41437,73.035904,335.2066
113.330246,378.1015,139.21715,414.45367
27.656687,623.3866,52.49006,640.0
45.647133,176.71274,75.264015,215.53629
51.786552,462.64633,74.316475,491.34042
6.3828278,467.3141,47.17694,522.05225
89.37454,72.114914,111.39789,106.25792
61.696457,0.0,87.090515,21.013895
113.97902,565.10864,142.48555,599.55005
114.81937,100.87018,142.54776,143.37048
85.129585,176.30017,109.150246,211.33752
76.6739,398.6568,101.542015,432.8277
121.84146,30.860527,147.75684,67.88908
86.04787,579.24304,112.65761,612.6378
82.37854,124.15501,107.38226,161.7078
53.2535,59.051487,81.623436,96.59033
91.56508,24.864838,118.732956,64.13936
54.25009,589.1277,81.05469,623.9082
122.50876,0.0045175552,149.41241,15.59316
52.154945,131.13416,78.11118,164.79767
