114.69963,262.0584,137.58733,298.57086
114.787476,512.4655,138.31447,543.0446
19.937841,400.76624,44.314888,431.30603
117.61451,139.07663,141.68115,173.3505
83.50705,224.7735,108.09589,255.18628
63.00492,624.95184,86.25143,639.80475
81.08331,359.98804,103.44803,393.9574
60.459747,0.026790619,89.7715,32.59827
20.593983,202.49727,46.24499,237.6374
14.661404,284.30234,38.308224,319.00357
0.009365082,29.743834,24.478237,87.75929
0.19714355,515.303,15.7352085,546.1428
52.154114,289.8484,73.66666,318.35913
52.545418,160.50925,76.53559,191.12149
0.09454441,233.79486,14.239879,276.48984
34.18477,51.670475,57.243362,83.786835
0.0,417.01697,12.148105,445.98804
