85.258224,529.5709,108.635666,559.23315
111.670044,380.74457,136.72133,412.79144
12.121529,318.04333,36.307335,354.6283
115.40312,575.4685,143.82774,610.999
18.955225,207.89124,45.24102,251.54639
115.544464,162.24088,139.57129,196.95035
24.07917,503.22858,46.112663,532.6993
77.96515,363.60413,103.54059,396.44055
109.50508,299.954,138.35304,344.2961
81.49263,208.21492,104.64522,238.30772
3.6266403,602.23047,31.273483,634.5112
49.72352,282.36224,73.07436,314.5417
57.459946,24.483458,115.9442,80.77342
82.20882,24.38945,115.89049,80.089745
45.518272,336.08588,68.56957,368.78046
0.023965836,416.8783,12.764704,449.13922
58.44786,34.325615,89.15056,79.181786
19.476536,152.38486,48.247936,190.20328
54.674767,132.60333,79.10285,171.96655
