0.0,508.1845,18.972086,544.85834
112.850494,395.34857,138.11282,430.149
50.741333,314.26727,73.89743,346.9776
53.70046,456.6259,75.1046,484.90158
81.335884,433.8164,105.21708,466.3164
50.003044,228.49033,77.00278,265.0145
118.47484,516.7627,142.2018,546.0083
83.02446,574.00977,109.72139,607.385
96.27411,3.285801,122.61014,37.20025
16.794888,229.79898,39.702267,261.64352
84.82855,115.409325,110.54166,153.65353
113.74371,208.1325,141.00385,250.27039
0.0,89.67653,16.208073,134.28632
26.960209,87.02858,51.83916,122.965744
119.0417,72.90105,143.78563,109.14476
27.10934,0.0,56.1974,22.882013
57.0894,34.59809,86.1631,80.65341
77.961975,227.44867,105.89636,264.63074
1.744587,333.73444,44.44185,365.36743
1.4579544,347.56415,44.01938,423.47894
