0.0,561.68494,20.07454,592.369
115.14061,330.423,137.27324,362.434
79.41027,265.75372,106.66233,301.79718
85.80951,148.0855,112.78885,184.43163
25.947643,140.11942,48.963223,173.75552
21.19514,461.11505,46.268116,492.9395
0.0,104.39662,19.791016,135.29515
0.0,419.9215,16.465405,448.9972
77.32416,379.9381,107.74744,422.6864
119.637344,117.35344,144.1269,154.6414
57.869236,521.583,81.22824,552.2473
53.69637,245.56113,78.7578,278.3632
87.97673,472.7804,111.04912,502.87537
118.74992,518.91077,142.27318,551.9579
118.71977,206.6514,141.42513,243.80423
95.956696,0.00825882,121.513885,17.951462
19.935951,344.47235,44.064125,376.02032
27.74817,73.16042,53.011475,109.11625
37.880013,392.95807,75.64637,438.67682
120.01027,618.50964,146.44542,639.8661
56.409798,44.255184,86.11277,89.74396
0.0,247.69981,12.2858715,278.60962
55.0078,118.36347,78.672134,153.72626
0.022504807,345.73755,14.042884,377.92902
