112.099396,475.22754,140.05534,520.83093
84.244736,400.81805,107.460495,435.1568
18.608269,304.17245,40.51674,337.07285
21.369719,484.34094,44.96823,518.618
51.605392,460.45886,77.45026,493.86377
24.083475,202.8392,48.264595,240.98431
20.077805,376.50262,47.43194,408.70575
110.93985,568.365,144.19577,610.40784
54.280113,98.97368,79.173,133.38066
49.391693,259.53253,73.43805,295.5528
89.968445,58.610256,116.77696,99.44278
0.19933987,111.077805,15.300915,148.24449
14.841438,5.6332855,49.765045,75.46448
0.12650394,451.93906,14.404673,481.87845
123.253784,62.286858,147.90506,97.58686
76.99518,245.6348,104.64322,281.74954
47.71614,377.49628,74.50748,415.24445
49.955654,0.0,86.29474,21.537327
34.32431,377.187,74.925224,414.938
0.0,395.39215,11.205713,429.69153
20.147034,376.7667,68.99708,411.01486
0.0,227.5964,11.877726,263.87558
