0.0,572.63513,20.439003,604.22815
76.31669,354.66858,100.4504,387.5761
19.47823,356.46603,42.371746,387.8174
80.370636,466.9029,108.38612,503.0102
46.95864,325.5725,71.74167,360.5536
115.54137,362.47058,137.71658,392.32312
16.352634,210.26582,41.862106,243.01857
108.5296,224.78448,138.50089,263.1162
116.802155,448.57806,142.01663,479.69537
77.810074,285.2159,100.93208,319.8624
50.26702,204.07303,72.797585,234.47177
83.90672,516.19574,110.78572,551.3415
22.332235,534.5225,48.782036,565.45
51.311844,483.31323,76.16565,515.4401
0.0,495.61395,16.434965,530.7487
83.11098,200.43588,106.64967,232.08047
45.694008,275.01477,71.99527,309.29468
10.474953,32.708477,51.269302,96.43916
77.07374,244.48514,102.220955,281.3696
45.31093,419.51727,75.35306,469.49896
49.26104,399.52094,74.7929,471.02448
53.208946,137.30527,78.8998,173.1554
20.349602,258.51202,46.150116,291.51996
122.53135,14.044807,147.65994,52.375885
120.85325,93.09517,148.83054,133.30508
0.04417038,409.1784,13.730467,483.37262
