0.12620926,571.4651,23.428806,602.22095
81.8124,416.92358,108.38952,453.49878
18.266819,344.5038,43.50211,383.50607
122.93769,579.776,144.72522,607.0299
115.32922,199.75436,141.40329,236.74088
113.56302,357.68353,137.3796,388.84406
24.659853,523.31995,48.318237,555.5481
87.05272,584.535,115.78136,620.56537
0.0,484.4756,15.317152,517.14624
20.333563,443.78162,48.297035,481.42004
114.64455,443.86972,141.18677,479.5267
85.16054,480.3911,108.66322,512.649
89.637596,0.0,116.435814,23.6824
0.06883049,45.001686,20.167356,81.720406
49.497467,395.38715,73.9901,427.85516
116.22327,510.7976,144.52817,548.5608
22.356113,123.2462,50.224873,159.9564
83.763535,182.32153,108.10988,213.94391
29.178848,4.7775955,57.832504,44.299606
52.657536,514.99365,81.084045,548.4375
118.14749,67.596344,144.95215,108.05563
60.650536,616.8467,84.12975,639.876
13.389324,212.96011,50.959568,258.39548
70.32257,288.44354,102.443695,326.75238
27.756096,626.6134,53.342064,639.9447
