19.167408,388.65457,42.82269,420.04947
109.82991,366.22314,132.23872,400.6996
20.27957,176.6853,50.040054,215.78961
49.380272,219.92413,75.72631,258.27597
115.41104,574.7412,142.33109,608.6958
84.65545,242.69644,107.93133,274.0792
0.12937546,498.72153,16.180967,529.2274
85.23004,515.34607,111.788025,548.56824
89.78494,611.77637,111.22479,639.677
0.4605255,20.328535,25.673813,65.88347
23.552515,84.246704,49.25878,118.014465
123.728065,65.394455,147.62234,100.67119
86.8145,114.567696,109.71382,147.00555
127.77704,0.0,152.39285,17.809109
23.307991,534.84766,46.63372,564.08496
59.63762,76.261,83.44055,110.01039
0.09792137,122.6233,15.854892,158.00952
