113.53798,433.95105,137.63612,466.37268
50.929016,371.89905,74.41465,402.87445
82.92874,480.88965,107.540985,513.34875
19.321854,304.335,42.123177,335.88437
122.57906,66.15204,146.91214,102.81625
109.72812,248.60373,134.29135,284.97916
89.30742,75.29347,112.402695,108.78305
20.679054,483.71338,47.55403,518.17896
51.92681,202.82385,75.09476,236.28415
0.10240173,60.765465,17.685373,97.54502
21.803766,187.36874,45.049873,217.25589
0.0,474.60205,16.031471,527.3173
116.364456,189.48447,139.46059,221.1188
56.48094,68.7133,80.11723,104.77086
43.737762,534.6759,84.090775,603.09924
88.24983,630.68286,114.55974,639.86084
24.515703,120.42931,48.38202,151.92877
120.08028,104.57187,143.24635,141.82785
91.37491,10.594463,115.68327,46.42072
84.97797,198.9886,107.549866,233.02571
26.668957,19.110847,53.69721,53.433342
113.08629,145.56157,137.70238,179.35619
127.922646,1.0201797,153.23648,35.391914
