58.70806,622.4479,81.785225,639.90784
51.26468,510.3899,74.62964,543.7881
111.858734,315.56,134.89598,346.9438
19.201252,262.57605,43.15694,296.6095
120.45247,490.82812,142.812,520.12646
117.73808,67.03079,144.75194,104.20729
0.10752106,562.8691,21.86475,589.9699
20.75976,129.02882,46.426476,163.45418
19.490166,396.9278,43.605854,428.3864
75.357956,350.4024,104.04573,392.11102
59.45665,80.58824,83.88968,112.44731
84.80412,203.5267,107.58327,236.78436
126.16907,611.7273,149.73132,640.0
52.449867,203.4228,74.73974,234.29912
0.0,339.7202,11.61648,372.89606
