15.932106,81.78195,53.051956,153.09848
79.96187,322.3902,103.895676,355.55646
1.8044319,6.643776,25.990047,40.772934
18.198967,385.06958,40.49504,416.06238
57.655403,594.09436,80.19463,626.31006
119.58762,514.92224,143.51065,546.2311
109.813644,184.7139,138.74644,226.01022
83.54277,90.51309,112.53099,127.65935
52.05095,393.71704,75.30759,423.13855
113.048706,336.31873,136.08572,367.98187
51.803596,287.2141,75.695885,319.93567
18.911469,242.92523,42.452286,272.60602
0.0,585.62036,26.704231,639.5845
52.696053,164.22705,81.01223,203.11975
89.783775,493.18353,111.47999,525.7972
0.043964386,604.2942,26.299656,639.8862
0.0,585.9856,21.975266,629.34326
