82.939224,424.56085,107.12163,458.87933
113.92764,287.06262,137.08586,323.0395
51.681335,413.6324,74.55394,444.51154
84.03782,525.743,108.08813,556.97504
49.126236,299.9749,72.26811,332.64032
19.007156,295.0005,41.87545,324.40796
26.87418,567.8114,52.194904,599.99695
58.37607,592.3018,83.18591,628.1657
114.245804,417.36334,141.62361,451.43695
114.39677,144.52255,141.8605,190.55167
0.03258133,552.0165,18.415768,586.4186
120.108055,577.6388,143.80472,610.3956
87.063965,83.66662,110.87471,119.95492
20.197723,165.32526,64.9799,218.0315
0.0,167.14337,11.993496,202.302
