82.216934,215.90576,107.708115,249.51971
17.926846,268.3026,40.863766,301.26538
0.0,88.8172,19.194794,120.34375
56.450813,13.201576,86.7356,61.466507
1.5529118,613.8017,24.454466,640.0
77.891335,417.89868,105.17054,450.92688
82.095566,318.25037,105.717636,354.47144
108.36917,373.49313,132.61908,408.20358
50.540382,336.10474,73.22215,370.72876
28.512508,582.3041,52.816494,614.1395
90.43349,566.20636,113.89607,597.8477
89.70036,68.11783,114.31749,106.36932
52.42447,204.59647,76.95944,240.70786
27.83475,80.05803,52.390533,114.45787
66.547806,113.55809,94.57274,149.70604
123.916794,0.30376816,153.47688,34.37855
6.7437744,424.66278,44.304592,486.65826
117.99107,98.79079,143.86626,136.46785
53.448715,511.1848,76.66698,542.70996
0.2827015,0.0,20.389067,9.247614
7.371044,423.3969,43.11964,451.33997
91.3874,0.0,116.59536,14.490718
0.0,217.06367,11.8149185,248.56133
34.599236,0.0,60.168823,27.991465
