0.121442795,437.82855,18.112959,469.04517
48.26219,426.1484,71.69948,458.1774
81.57803,330.82422,103.98938,364.6848
89.81053,602.0178,115.361374,636.636
33.465805,11.308704,58.363304,44.628227
19.07591,190.37381,45.366364,229.52322
24.222048,487.93457,45.62224,517.8645
116.690735,459.90625,140.56613,493.28455
17.941612,342.03677,40.533066,372.41013
58.49159,565.86426,82.67058,599.7971
83.52353,463.7495,107.52623,493.2975
50.721222,267.11584,73.50784,298.8153
0.0015506744,146.56645,19.213877,184.92738
114.87007,119.08829,140.9533,153.03098
120.19797,213.50333,141.83765,246.62033
55.46573,150.13979,78.360886,183.42003
86.46814,173.47891,111.78659,208.88327
