110.19295,347.54926,135.60506,382.4394
25.576185,120.599915,50.797134,158.14404
82.85518,117.76047,110.60808,162.38571
85.95041,547.9286,111.21193,582.33777
82.119995,455.1032,106.296265,486.01874
78.23262,245.42224,102.82074,282.81012
116.6927,483.59326,139.69582,514.7937
122.44196,603.14954,148.00684,637.1708
119.04245,178.41052,141.73349,206.53333
51.115776,49.85727,83.067986,94.981964
49.09517,463.7351,77.7308,509.49988
6.1142273,472.55157,49.05683,528.08704
59.80896,615.463,110.82373,639.91394
59.54516,615.25525,88.9914,639.9523
