0.020454407,460.18115,19.704056,491.14722
51.568344,465.33118,78.777374,502.75012
113.59895,504.82547,144.4298,545.90186
14.415497,362.1595,43.0512,403.08484
92.00046,571.7327,115.76999,604.1066
0.14543343,609.734,21.229673,639.6283
77.63487,321.18173,103.36247,354.0538
26.47676,539.80774,48.60679,569.8656
79.15602,401.33545,107.2404,436.526
83.731155,235.18686,106.21501,269.04434
52.73989,382.70883,76.93696,417.51212
0.80410004,15.588575,24.057121,51.641113
112.64444,268.14917,136.77328,300.0077
0.19481611,120.88748,15.894272,155.98688
56.07677,582.04565,83.7906,619.5654
84.02037,501.2898,108.54573,529.8248
28.084831,65.59854,52.123657,104.31845
27.555107,0.10771942,55.087036,30.867413
117.48,75.39144,148.19675,120.67225
57.163315,121.012924,82.178024,156.11583
35.464417,230.06453,73.690956,287.19476
125.607574,621.6841,149.23215,639.8242
83.81361,87.71878,114.21793,125.49954
61.472755,20.587748,87.02204,58.879143
91.03276,619.11096,114.999374,639.91504
43.271294,193.0863,67.75187,225.26355
0.0,242.82486,12.431028,274.12582
