113.69577,203.18344,137.16466,236.08347
50.414368,408.6023,75.94154,442.7198
82.38428,425.60352,104.12027,454.99414
110.293564,382.86066,135.7888,417.83124
43.76095,291.58972,69.47192,328.80737
0.23722076,565.18945,23.446247,596.84045
0.15070152,75.64455,20.624287,115.6812
120.677376,0.0,149.51215,20.557062
118.540665,469.36792,141.58363,502.1598
15.000169,334.62448,40.697647,366.50156
54.952698,545.2538,79.129196,576.4005
85.65592,104.39932,111.318794,142.58961
25.286558,89.29593,51.885345,128.93988
53.993317,164.5721,76.19119,194.75151
