82.429565,230.18109,106.21661,268.60983
114.331985,381.20377,136.24617,413.5391
77.014885,405.88513,100.54539,438.19397
20.585983,479.5821,45.699226,515.93915
18.227726,376.55438,39.812557,405.10468
52.27089,466.84625,76.40839,500.649
116.89392,129.47661,145.34247,168.8868
51.731335,545.10205,80.05971,584.527
116.66019,484.49103,140.34125,516.9495
0.091026306,167.9714,15.66393,199.88922
84.82382,520.51605,108.575195,549.8033
120.79432,595.19006,143.16858,627.19006
125.261765,10.972034,150.55217,49.318798
27.778206,0.0,57.951996,36.44584
19.965956,205.75156,45.32289,242.64297
30.240553,594.62915,55.24881,625.71387
64.56917,10.835243,88.808914,47.15181
0.07586098,589.98474,19.937449,632.1024
55.179302,118.08645,80.56755,156.46329
