0.0,553.4011,19.269686,584.8904
118.90028,460.9561,143.01051,491.28305
107.06377,357.5791,135.66052,399.09778
74.894516,281.80383,100.97653,316.22742
26.853989,555.38416,50.641968,587.90857
0.1451931,29.135956,18.04839,65.2472
84.43114,469.74316,108.10658,500.47223
123.63812,28.974396,151.19388,72.029816
122.839516,616.68384,148.39993,639.8572
88.3389,586.2853,114.54204,618.3419
84.429214,532.205,109.827774,565.69904
62.98121,606.5812,85.76551,636.9524
78.08504,346.27045,104.973785,383.99414
47.93029,279.01242,72.079865,315.35324
31.045881,0.040988922,87.03433,36.26838
0.08917904,424.37036,13.88465,459.86304
18.050915,401.151,42.986313,430.8637
79.86595,221.69534,104.227356,258.0741
80.57497,411.07092,104.61522,444.68634
116.36955,235.23608,141.67198,267.5855
30.9922,0.2910385,69.37486,34.947243
116.14972,122.82469,145.77454,165.02596
20.723482,482.0777,43.915924,512.36847
18.828613,213.65201,44.654503,247.93362
47.50708,228.2008,73.50061,264.52945
4.5933,108.11969,29.406391,197.70645
117.924225,179.21234,140.1947,210.78738
52.589912,479.76547,77.15385,511.96957
27.716215,58.69763,52.234665,96.082275
