77.58949,345.55975,103.07155,385.01605
28.207117,75.155174,51.841896,116.02027
107.95523,458.09296,131.62119,488.485
0.057769775,545.31433,23.589062,580.5332
117.87904,581.6255,141.77406,615.48193
43.910263,423.18234,73.41983,463.89786
91.08172,43.6447,116.97108,83.69491
83.41487,168.81555,107.47026,204.36249
115.274,117.59299,144.99815,157.9346
52.73944,279.26678,76.07173,313.2655
57.93917,38.387505,81.91497,75.660805
111.84837,302.56152,136.05461,335.58582
1.721756,257.2124,43.600403,341.83514
0.0,149.67313,14.605632,186.5585
55.58591,595.23584,79.7735,629.21094
21.529634,625.1212,49.90486,639.9679
