59.13525,578.1039,82.651276,612.14026
78.73058,353.35025,101.79092,387.3978
0.0,130.63599,19.278627,167.83554
24.654474,571.08386,49.594597,604.41736
16.996567,422.82803,42.97942,460.12283
14.140335,305.7931,41.498077,350.07678
113.68622,430.09302,138.68405,463.70483
80.34697,237.0003,105.54578,275.50836
88.51858,606.9568,114.65363,639.27124
54.89721,187.28815,78.43177,219.48505
120.5253,44.68766,147.84418,83.5873
47.39965,446.22968,74.10002,483.87482
110.83629,251.88019,138.07634,296.10046
91.85288,22.546936,117.475395,60.144775
47.990746,252.25032,70.58577,284.96014
77.42532,452.015,106.36157,491.6953
61.185646,0.0,87.33958,11.442175
28.819561,118.291534,52.717403,150.91763
116.367294,591.10724,142.42018,621.10846
