80.46098,271.81757,105.63762,307.21716
107.28618,500.5191,137.75883,541.11676
105.55719,325.35907,129.88324,361.3205
17.559418,233.84897,42.944145,268.98404
51.151657,149.49457,79.839096,194.62866
19.79792,444.7696,44.39437,481.1385
111.732285,200.7796,137.61583,234.36188
0.19127083,0.13404131,25.902235,16.053375
0.0,157.56793,16.331173,192.2287
0.0,522.33997,19.26616,558.0713
48.23134,262.11514,75.31645,300.16092
24.746685,137.78027,49.5777,172.33282
46.262527,437.46542,74.08986,471.60135
58.62331,28.740503,83.55589,69.29771
118.33748,92.33963,144.39787,130.31375
90.89456,81.04935,114.281235,115.22632
0.0,412.2273,9.1508255,442.851
