50.889954,271.4101,75.93344,312.59003
111.879745,451.5948,138.58888,486.5642
52.17025,463.3222,76.92138,498.79926
0.0,496.32806,16.219128,526.0562
102.07938,289.05432,130.97458,326.9906
80.13163,515.6737,108.01272,552.1328
57.83785,605.4889,82.44002,639.9077
25.883286,545.6362,48.621246,577.0403
0.0,138.08357,18.229565,171.41615
118.50993,606.21967,143.49065,639.4982
89.30792,80.817474,113.47897,119.53812
59.00603,2.0284576,86.64519,46.1681
56.133995,97.73845,82.16459,137.71823
57.474403,537.8388,79.997,567.9982
0.57463646,12.171642,23.327892,53.232555
126.4651,0.039861202,148.34361,7.239077
0.0,231.91953,10.829552,268.22815
