2.571085,338.71103,25.199856,371.2238
49.377975,380.3177,72.06593,413.0346
105.40515,281.3614,127.99748,315.94147
27.978989,546.37115,51.16661,578.57306
0.1545887,162.3735,18.823889,219.24673
83.974846,168.37375,108.29856,206.53119
90.4023,551.57306,115.84685,587.9361
83.442535,374.9786,106.97829,412.08688
84.41232,464.74774,108.66379,496.3216
21.818672,116.18617,51.414383,157.1132
0.42413712,27.73172,23.54253,63.97719
17.36058,392.4339,41.431175,426.26074
59.34613,36.63539,83.39795,73.939995
58.14534,602.598,84.15019,636.07117
51.668007,292.7536,75.76169,327.73456
2.0941753,579.69366,23.805988,612.05646
19.624088,289.60333,43.41878,320.83234
121.255005,86.89604,145.79065,125.119675
121.83647,581.33997,147.07628,617.2897
