82.59091,467.05627,106.204056,499.66248
49.826195,277.3595,71.28967,310.34412
0.0,216.71074,18.536093,250.40175
18.596565,400.7987,43.38645,433.1654
59.960583,1.1943893,86.09444,43.55436
49.42389,407.6156,73.94235,440.57117
27.110006,51.737007,54.219368,90.95968
0.11877155,499.54745,15.564645,529.64954
113.749664,238.64374,137.06833,271.44556
56.056396,555.8209,79.04236,588.7821
84.84836,123.74979,110.67178,158.20215
118.943726,59.702232,144.32971,95.708534
28.924845,108.82179,57.213585,153.44502
