11.720756,296.23352,39.47254,335.81616
114.155334,219.75595,137.33728,253.45691
90.25018,602.18604,115.09567,636.5415
0.0,208.52771,17.053005,244.34845
25.657696,131.47626,51.57397,170.24445
0.0,370.42914,14.7621155,407.73907
81.56259,346.88095,106.04596,380.72177
122.83827,43.415337,146.4796,75.521194
97.492584,440.975,120.36856,471.50363
24.830444,509.4101,48.899254,540.8787
52.470272,232.60489,77.05289,263.6284
51.12982,421.16052,75.933105,458.2473
28.11039,595.797,52.944656,629.8961
0.3009205,77.44229,22.195074,115.16989
61.592316,10.332523,87.67784,48.0903
89.18828,98.64746,111.36067,134.09796
