17.293869,306.36853,41.249573,340.83154
19.097954,418.59818,42.111694,449.6227
57.92855,38.908707,86.34307,80.29811
0.28308105,580.03674,27.017128,632.64197
113.79413,196.68738,136.98097,231.07294
49.80066,323.85318,73.03672,356.61722
83.77594,546.20496,112.03963,582.7894
0.49767685,1.2550278,25.626453,39.354515
23.82979,491.16315,48.314804,527.7447
51.399384,110.68071,77.69467,144.91412
23.40654,178.99365,50.895744,224.03143
121.85311,587.916,143.82169,618.64624
81.54747,295.10358,103.85295,327.3554
80.5311,437.24078,107.69525,477.48468
116.17712,293.9233,139.8493,324.69565
33.566463,625.8677,57.731213,639.8369
52.218357,438.23712,76.07654,468.3886
