50.177246,249.50818,72.60053,283.87292
0.0019607544,135.15,20.812477,167.58127
51.418663,102.694336,75.05211,139.11069
81.969894,414.46777,104.0757,444.88916
115.23468,400.09192,138.52036,431.48267
80.61537,311.69125,104.65715,344.3809
84.59071,138.59178,108.51045,170.93712
22.448587,184.37373,45.987297,215.04585
30.332474,615.0305,54.222794,639.84204
94.125275,0.0,118.32318,19.926432
30.615486,27.478945,55.034767,60.81627
120.24109,126.1105,143.63733,162.50845
55.667843,566.6715,79.26468,598.09265
85.2592,592.4424,110.22914,624.19336
118.57827,548.3678,142.55368,578.05884
