108.465164,291.88882,137.40967,332.1157
17.262783,272.33203,41.37286,305.141
80.138565,402.43536,104.05536,434.284
21.998816,159.96593,47.84864,195.05116
47.441376,350.89417,70.286514,382.2138
90.852646,584.55096,113.66986,615.93317
24.130661,483.84167,46.966118,516.65405
117.67177,147.79865,142.21443,179.89114
53.20977,481.85736,77.80431,514.3172
60.205746,603.81726,84.3663,635.569
30.321507,586.70996,56.00577,619.4121
116.27191,428.96967,140.12186,462.8744
50.7304,0.14686966,82.67658,40.714397
89.06073,35.261063,113.47986,73.24014
0.0,311.96887,14.113895,375.83606
57.23519,116.36132,80.118065,157.30145
