45.331528,328.98422,71.76363,363.78067
0.0027942657,269.7686,15.923194,301.96213
49.95706,421.41162,74.06511,454.32898
108.46869,414.6036,138.52672,450.9515
21.577253,377.4953,44.81073,409.45215
82.030396,247.18445,106.33191,280.2146
91.63418,0.0,121.80062,24.638836
111.78807,205.06693,136.74992,238.47067
0.0,125.06013,19.140295,159.78058
85.79882,498.72314,108.45052,529.083
122.48301,615.9698,146.94894,639.9677
90.13797,588.79614,117.20029,622.9048
117.86728,114.87848,144.01508,150.3977
88.74964,111.827354,111.70031,148.39548
12.804367,150.17404,48.422966,208.35422
55.195705,531.26404,79.000305,562.1554
9.199749,547.51196,51.98924,605.34546
57.16232,76.71918,81.4169,116.16188
0.23698807,515.64594,23.42329,554.79596
55.040833,176.80826,78.70189,210.13943
