110.75247,281.8612,137.89175,318.68732
112.1496,443.51468,138.60532,477.62186
82.55534,213.87537,105.78807,248.22095
46.87343,354.69504,73.25572,389.10556
32.848915,0.0,58.597816,26.971203
17.861343,356.0367,40.887596,388.16922
116.70804,113.629105,142.25879,151.53508
76.70527,326.06464,103.48838,361.2115
58.54691,21.671165,84.143616,60.03286
25.084667,120.44161,51.206455,156.4448
103.62904,611.57056,128.30937,639.8677
52.453396,491.69794,77.71985,523.5857
85.83194,505.51874,113.16246,543.382
59.606922,602.49744,82.90144,634.12024
0.34293365,0.0,23.68837,10.2225
54.755173,125.13312,78.58034,159.79361
93.192795,44.25772,117.90199,80.3466
0.012978554,137.4655,15.798484,175.87465
