20.23834,235.50641,44.107162,267.0968
48.017937,290.5218,70.68043,324.6988
26.394012,525.3877,54.33461,564.19763
118.391136,43.020386,148.68594,88.86153
110.97879,387.02316,135.92938,420.30966
18.990318,312.49,45.229233,347.61
51.33191,468.20856,75.4682,501.8614
24.254427,132.97986,46.39949,167.34125
79.00428,307.92023,101.67547,337.5501
83.54869,480.62708,109.42119,515.25916
111.900925,281.68097,135.74315,314.24396
0.18752861,36.910034,20.836412,75.23723
114.48448,524.5012,139.8602,560.0842
54.87435,156.04512,79.06892,190.35017
57.66797,39.116997,83.13165,75.377914
0.0,530.2228,20.120651,611.97644
32.994484,0.0,59.519676,24.005302
88.65781,82.73018,113.306854,121.828964
87.19316,599.057,112.89876,633.2976
