20.422668,464.84723,43.880486,494.1109
114.36299,344.4391,138.71303,379.1079
50.57068,414.46368,75.13432,448.05988
81.341034,389.03314,105.63156,420.12897
58.167168,571.9872,84.6224,603.9392
19.122623,369.10583,42.07663,395.807
79.81445,451.97314,105.664154,484.09485
53.56652,474.9728,77.289894,505.69565
111.85063,532.10565,143.53511,574.7038
50.634094,329.68262,74.13649,360.59888
120.04966,189.29498,144.39133,224.80319
17.022625,292.25824,44.26066,335.80975
113.39072,260.11267,138.49026,293.54663
49.32142,202.71149,75.71085,244.85617
81.7422,289.15253,105.81044,321.7115
20.28267,187.46815,43.756386,222.34187
90.26703,563.68274,112.15674,591.5741
56.243095,112.355896,82.70078,149.80612
84.9371,226.03506,107.93555,258.53177
49.855347,274.56506,74.66139,309.19946
0.0,158.8475,16.353622,193.70615
87.30829,61.25966,116.182724,104.8031
0.050498962,276.5091,16.676464,312.3553
122.665665,76.080444,147.75276,114.922165
