113.75427,376.36615,137.16454,411.20526
76.24452,435.20535,100.73979,467.01492
80.45111,340.73938,103.274536,371.40234
15.977025,290.39117,43.052387,325.73267
113.22015,308.86658,138.63141,340.21643
51.831337,507.56567,74.98054,536.60474
20.791147,454.89935,44.07621,487.36896
51.934425,163.99084,74.980415,199.81415
88.545715,566.90405,114.42795,602.3967
24.679909,112.040825,47.409744,145.02881
83.15614,136.40994,110.4489,172.86948
123.170586,11.745663,148.26422,50.973995
121.56836,126.95693,144.28091,158.16574
0.052244186,569.45764,20.31142,595.05286
29.486,0.0,54.546494,21.275131
28.406185,572.6697,52.90491,602.65015
0.0,246.48077,14.068241,291.02277
89.25191,29.15828,114.14285,65.54955
52.919003,589.9158,82.80911,629.94727
62.82012,0.18248749,91.82453,36.156387
