121.73113,561.73676,145.21399,595.0983
80.18309,365.6059,102.18782,396.30792
114.31741,366.2647,137.57343,401.9051
0.43045998,40.944397,23.777573,76.96963
29.49237,554.2794,52.185684,582.6647
47.89325,269.94348,71.48114,305.3839
0.0,579.037,15.700146,605.71716
113.445465,180.03174,139.66699,216.66351
121.95049,18.87231,150.65302,57.131878
18.551168,227.70221,46.028465,272.7569
49.78647,159.66599,76.818375,194.39554
63.041115,0.13653946,87.64204,28.669537
0.0,196.26248,14.4473095,230.2785
82.401215,160.42896,107.84906,197.16364
25.727219,67.06294,50.611984,102.229965
91.98645,0.111501694,122.82828,29.8542
59.452637,631.3275,81.97041,639.8667
0.0,286.9046,10.571038,317.68817
