0.0,11.163284,21.084282,51.507595
113.82701,192.6755,136.6366,227.1965
17.905807,227.55652,42.82797,262.02292
0.0223732,554.397,16.783283,584.75903
22.173452,81.23427,50.936714,122.09767
58.507824,600.3644,82.49068,633.015
125.06367,609.8376,150.11395,639.94977
77.49815,310.23975,103.04253,344.4572
115.29117,543.0205,143.05966,576.0259
108.19226,413.0968,135.27449,452.23254
51.38115,271.83838,76.0688,306.45984
83.16052,426.68137,106.35205,456.45413
81.05202,219.14041,106.0956,253.46646
28.200378,570.4177,52.69381,599.64197
20.276295,291.35986,43.99,321.4087
21.958996,435.6086,45.179775,464.46732
59.809166,64.86957,87.0386,104.10779
55.12491,525.5043,80.15268,558.69446
0.21541357,102.81137,15.927675,136.55453
23.936241,164.3719,49.00583,199.6244
43.66716,347.59207,71.48978,384.90347
49.373962,435.76178,73.713455,468.1034
126.3501,6.5129356,151.73343,42.804493
57.461113,173.85825,79.45895,208.20255
27.298195,27.306227,53.482307,63.984344
117.77066,96.41362,142.54312,134.93419
83.5347,546.42126,107.85239,577.2081
21.894196,358.137,46.88629,390.18387
92.70325,0.006549835,116.102875,15.405189
