109.02759,228.45166,138.6303,266.69437
81.701904,370.20422,105.7894,404.74292
25.799236,141.48264,48.167904,176.90701
51.22335,174.25458,78.249596,214.79971
0.26809502,581.82324,22.922962,614.28394
49.489197,414.29596,73.01006,444.633
32.559364,0.06825638,56.893272,20.278912
59.153717,28.39853,84.24136,64.53199
114.77203,84.17319,143.88455,121.32504
126.25366,0.014129639,150.83365,15.618763
19.361088,411.44904,43.315132,441.32672
109.34418,399.7273,140.35141,437.41077
57.399334,568.8882,79.929306,600.667
26.855663,594.26215,54.73382,631.0789
82.38095,489.0896,107.03491,520.2991
0.0,250.40076,10.479987,280.56287
56.059658,489.94122,81.151184,521.3859
0.0,342.68335,11.641703,374.03607
0.0,464.15674,10.751974,495.12158
