115.5932,512.38196,138.53732,544.0397
78.72519,299.96057,103.41626,335.64844
110.19467,348.2339,135.12466,383.84485
20.836067,318.56287,44.20507,349.49805
50.086655,450.5326,76.139984,484.11438
52.225914,197.047,75.51328,229.87698
32.629723,613.82007,54.9927,639.9885
92.5441,0.32189178,120.49162,31.585506
121.7887,581.29785,146.47083,614.20557
20.94482,206.51813,44.630047,237.86487
85.84308,187.16795,109.778015,219.88127
61.90184,26.220379,87.3607,60.80067
89.60489,622.1157,113.55859,639.94434
0.0,393.10577,13.499447,428.34277
