81.91467,426.79193,106.00845,459.7298
35.41748,0.24904633,60.967316,30.921097
79.59302,168.2929,108.17932,207.79793
82.68558,229.64075,105.637695,263.8697
117.301025,465.75592,140.98196,498.04175
0.21219254,616.5065,22.813927,639.7274
14.439201,370.44904,37.18386,401.08954
12.624809,493.8048,53.04116,554.77783
88.54492,589.06946,115.16307,630.66174
120.216125,55.23079,143.9566,90.88548
125.71083,607.0032,151.41524,639.62915
0.0,229.37634,14.546902,267.63214
88.4541,9.761871,117.18927,52.35945
23.15821,194.24072,46.53466,225.74152
59.048172,54.92712,84.442474,91.98114
0.0,339.86786,11.874363,370.6386
13.034931,492.38116,39.670662,518.97955
