113.59076,151.56256,141.18985,195.55402
17.037376,396.34003,41.19838,428.2713
114.24672,281.5484,137.95525,313.4347
116.2275,482.01282,142.54428,515.4995
78.90781,233.40659,107.66127,274.10257
50.1938,296.8273,73.799576,330.9739
113.36694,337.92783,138.16232,371.8138
62.649864,614.59375,86.01313,639.7639
15.471227,321.31223,42.76936,355.30875
116.64577,531.0969,142.35844,566.84216
82.98988,465.6095,108.06102,498.06964
78.960556,311.22742,104.6295,344.63208
112.13542,391.52167,136.37848,423.03345
0.093709946,155.76913,15.333918,194.05316
81.5645,362.1595,105.41321,397.64874
129.06387,0.0,152.94247,9.677938
89.771706,10.478767,116.19723,50.55063
49.554832,401.93304,73.97178,435.38007
25.640312,74.140625,49.629974,110.71838
29.764334,606.50336,54.76644,639.54095
82.89517,130.96954,107.980774,167.43695
116.282776,433.31848,138.82603,460.53064
24.481993,122.289154,49.028534,156.46115
22.108139,181.9855,45.684288,220.6719
123.57644,620.32184,149.79611,639.84906
19.315895,452.4165,45.574417,488.33606
25.447773,497.04614,48.198017,527.8413
0.15611649,569.74225,22.193535,601.24445
59.174995,1.0904541,86.5192,42.841263
0.07778454,468.2826,12.898555,506.65173
20.621374,219.85034,44.639305,256.1126
0.06984329,540.16895,14.680687,571.28357
58.893505,76.31496,83.61726,116.073746
90.12192,558.4772,115.034424,593.25085
0.016544342,413.2617,11.772379,445.2866
