114.86098,456.12692,140.0291,486.34488
20.953058,433.99133,44.575005,466.7279
77.47331,381.11652,102.22792,415.9284
27.881138,604.11194,51.63177,638.5133
47.48088,284.08362,72.10663,317.6184
44.834274,348.5442,72.45416,382.27136
0.0,563.2178,20.40865,593.43066
52.64395,512.40186,79.44095,543.50757
0.23093462,503.43585,15.825783,534.42096
82.22905,224.83893,107.25093,259.24432
108.58057,291.4198,135.52194,327.51343
117.03902,589.30115,146.37141,622.9852
112.14221,150.43948,139.39955,188.30533
88.71266,508.74484,111.45886,539.0637
0.024665833,146.06134,18.347008,180.3822
0.2179985,38.887375,20.860302,75.40064
24.211391,207.61847,47.89932,239.57257
19.883385,282.45844,43.130646,312.51556
116.945465,221.47311,140.56653,257.23776
55.34146,131.23804,79.64194,165.09427
116.48321,43.57012,146.51044,86.35543
52.02905,205.63898,76.25284,238.18274
58.572823,39.532387,84.400276,76.84458
28.42185,62.272343,53.110023,98.8129
32.42473,0.482399,58.65786,32.818687
18.297997,358.3886,43.264023,389.16492
20.516426,147.73573,44.94313,179.47643
