49.96038,328.6,73.92953,364.43198
0.0,81.087265,19.561613,113.50925
17.279873,259.76013,41.422947,293.82062
82.57527,208.36548,107.41016,243.29785
89.71608,559.1393,112.59914,591.5812
27.76107,576.10315,52.071457,607.8596
77.00241,410.28995,102.961426,443.33505
108.36798,363.97858,131.92328,398.32513
117.84121,88.95155,145.69485,128.08588
52.974945,505.0731,76.42268,535.3539
81.75158,312.85358,106.25851,347.42535
52.21395,198.05801,77.906944,233.93832
27.981047,73.25656,52.942383,107.59407
0.3975067,605.04443,26.336489,638.79675
67.27385,108.05524,95.10399,144.22385
55.427185,4.1521187,85.70671,54.627197
6.7585526,420.48376,48.462395,484.94818
124.61935,0.0,154.47318,25.723537
10.614162,475.81995,48.65624,527.9636
0.0,210.59929,12.914961,240.36525
90.44333,61.21912,114.989044,98.14691
