49.199585,333.0609,72.5793,364.74988
18.660988,252.94977,41.43358,286.3227
56.691963,551.2925,83.4134,583.64844
78.256805,351.3775,103.00485,387.95343
84.03839,493.97272,108.453735,527.8267
23.120752,361.59778,45.57174,388.49432
0.0,511.2671,20.409298,549.5311
115.26361,383.01584,139.00647,415.4935
119.11148,605.15,146.11267,640.0
28.360611,23.614233,53.733444,60.94732
51.500587,224.33691,76.38939,260.00888
0.4237156,620.3739,26.094738,639.8921
112.200165,213.06564,138.38199,248.38416
0.21561241,41.91999,15.8308525,73.79944
61.716858,615.6356,84.12276,639.8961
22.333092,185.40298,46.040108,218.1218
79.191444,235.91022,107.662575,276.8778
60.16324,0.0,87.170685,26.114353
53.57763,106.11046,82.28608,148.51347
116.69006,43.95909,146.61288,82.60332
89.836914,598.80774,115.86287,635.926
23.999596,104.52988,49.267075,141.08414
