19.089201,457.9475,45.2166,491.41895
111.96327,331.78278,137.70973,367.47186
19.103342,520.77295,50.489388,562.22534
28.874084,604.82654,55.46518,639.70374
85.83568,504.69397,110.069016,532.7947
54.977863,473.58618,77.83586,503.1161
1.277916,7.989319,25.040596,41.681496
20.632505,205.6016,45.83963,240.59201
82.09801,408.88153,105.356155,438.5904
18.842701,391.26663,43.19101,421.89053
50.611404,387.31152,75.183685,419.37952
77.73324,328.19928,103.433464,362.34882
9.729233,578.66016,32.45594,608.22363
18.782597,282.29517,41.74423,315.2953
117.56827,560.5448,145.9932,596.599
0.100813866,242.0769,15.269289,272.28363
51.613747,268.7356,73.54429,297.19824
119.212776,104.27193,145.81915,144.44777
115.72772,246.74957,140.25095,280.701
0.015125275,72.74335,17.099976,110.613144
116.50409,179.88971,139.48724,210.87231
32.69114,311.16214,65.629486,349.65933
82.03526,236.39914,106.161575,271.16983
59.48802,598.7075,84.663635,630.91016
53.728683,199.08331,77.472855,232.88275
24.18342,159.98672,49.479515,190.62128
82.7186,157.62773,108.17169,196.65416
83.40614,39.179268,112.96608,85.45933
124.10447,0.30094528,150.37149,33.446316
60.012184,60.071365,84.09666,95.82451
54.44689,128.73376,80.09756,166.55048
25.88845,4.093693,57.011246,44.714527
