2.5205917,479.48456,42.76597,536.52563
83.42791,200.29001,109.56321,235.55765
116.08205,464.8462,139.24919,495.21643
0.0,336.10095,32.08539,395.27588
46.246162,300.41718,73.65359,341.7801
118.38471,81.75229,143.69885,117.32889
114.981445,329.9632,137.33115,361.98492
54.87938,489.18317,78.15843,523.2146
59.280365,622.98157,83.631714,639.97546
81.54463,328.46936,104.706726,360.22748
51.7837,94.872986,79.094444,133.5534
0.05713272,238.92847,16.55923,276.04993
94.86566,620.98694,117.07338,639.8336
84.66801,80.74635,113.51043,123.26033
27.114319,603.9033,51.46588,638.3429
85.41057,519.6559,108.722,547.2667
30.734922,558.65607,53.355804,587.41327
0.0,444.88348,14.421653,477.39142
