26.512222,547.3374,48.115273,576.9729
110.945175,346.09253,138.03905,388.0924
50.42215,323.83438,72.72297,356.921
16.979519,193.8602,44.370216,231.50534
12.768981,368.1305,37.63243,402.786
113.59129,216.62932,136.20609,248.62901
0.0,8.387348,21.020294,46.473354
16.8368,253.30652,42.918674,295.96533
0.0,465.61502,14.171439,497.1171
31.071516,4.3784256,60.530746,46.312496
79.261955,419.65332,104.9421,453.61108
89.01408,582.89624,112.77506,613.6167
114.358,423.9007,139.65,456.1905
47.358482,379.5769,70.91152,413.4798
55.83287,77.78221,112.72266,124.65181
79.46562,262.26608,104.686844,291.4208
117.87404,615.4498,146.28252,639.8895
52.3463,175.43556,77.79579,213.25703
68.99266,76.12149,112.059814,130.33615
54.842545,78.54884,87.54176,122.94145
