16.931885,374.82733,38.978645,407.79315
111.23978,284.5185,137.9794,327.63202
84.07427,413.76672,106.79789,448.401
16.661453,592.0492,56.277214,635.98206
116.13639,152.60733,140.4025,190.24753
0.14033508,0.3191185,19.96605,35.197838
19.376461,284.5428,43.16729,318.29285
48.11364,365.9261,72.628174,400.3595
90.43814,80.972534,114.88629,118.50397
51.12799,187.58942,76.313614,224.63373
19.930443,217.95041,45.265976,252.63501
99.44266,0.0,120.5798,10.082949
53.274067,59.619,81.63466,96.71617
0.0,147.07474,14.679729,182.45163
118.36125,626.262,148.47868,639.84344
77.60124,237.45596,102.72397,273.0993
