30.560734,624.2263,52.97955,639.95776
85.46195,572.94336,112.597115,607.1902
115.428024,434.61548,140.11534,466.57483
48.879456,313.36832,71.40971,347.72977
55.87626,520.66504,78.47065,553.6304
47.403633,398.51895,71.90438,431.84366
18.622097,443.81433,41.8558,477.12384
0.27484512,31.517347,23.257092,68.49803
81.820526,325.65814,103.35751,359.25598
83.14752,185.66003,109.50452,223.40442
113.28529,295.4942,136.73828,326.92365
83.307335,72.60013,112.276344,111.99037
22.27015,191.82066,77.132324,233.86015
22.018513,197.83398,49.01443,233.5964
