51.143356,341.1593,74.60669,371.6333
2.1563358,0.39335728,27.254498,32.05819
18.468227,340.33118,41.46691,372.81714
113.38373,307.4967,138.4071,341.30078
50.367104,467.45972,76.84028,503.0758
79.07797,172.39337,103.29582,209.31403
80.484314,389.24933,103.279785,419.02618
75.62465,228.76743,105.32715,268.48077
20.034166,420.1609,47.69789,454.16858
23.87844,116.84688,47.81762,147.31517
31.64551,619.6212,55.475815,639.75977
120.17061,594.0685,143.03691,626.3627
87.12901,505.02457,110.12671,534.9652
111.6805,212.15927,136.22234,250.44583
0.0,281.21857,13.372614,321.9048
