108.738205,417.11053,135.61208,452.22064
102.17357,196.19806,126.11357,232.04236
59.121414,586.74805,83.10959,618.96423
0.07962799,59.375496,22.57843,91.49894
80.06977,342.7397,102.47422,373.11725
21.842945,177.57889,44.96404,210.72339
49.82057,365.4969,72.44573,398.9743
25.297932,529.23737,48.872227,560.2514
18.97254,433.76074,46.3256,472.39563
0.016835213,197.48611,14.750061,227.64682
118.67636,531.3716,143.47568,563.4147
54.472565,488.0525,78.14461,519.5149
57.80619,69.11778,79.5877,102.59233
85.322754,512.3654,109.570984,543.75104
0.13994026,456.48828,15.679322,484.86963
83.96299,168.17448,107.67318,201.4499
91.34338,22.190193,117.53488,58.860077
