0.10938072,577.9513,21.238861,615.3773
122.5654,147.31158,146.80212,181.25806
22.589823,487.8907,46.59736,516.97473
118.607994,560.828,145.629,594.1078
86.43727,526.3677,112.08473,559.1322
112.97583,422.89563,137.65886,454.0597
108.68652,236.63055,138.2629,279.31055
0.0,515.6537,16.205885,544.2528
19.545551,300.60883,43.196804,336.22504
24.68784,552.9264,50.223232,587.6565
117.88145,485.51917,140.2811,514.1048
19.232494,411.91797,43.336987,444.5313
80.37817,453.9959,107.03687,485.53107
87.49066,571.3492,112.802216,604.04205
76.43648,288.80457,105.51671,344.3653
123.049515,54.276623,146.15501,88.7314
115.09061,313.82642,138.56586,345.641
62.344734,619.0665,88.43803,639.9192
21.620836,178.98679,46.691147,211.0499
122.96037,622.1649,147.47655,639.9354
58.52325,543.67584,81.8996,571.8681
113.4426,369.41248,138.30138,402.7068
52.656128,412.4488,76.41649,446.08307
0.0,152.76753,16.98434,196.8293
1.9774399,0.19549179,51.558006,51.794838
81.74249,192.97891,106.340836,229.45163
88.38544,7.8593636,116.624084,44.55445
20.132782,246.92017,43.155876,277.4032
47.820724,252.87592,77.03919,292.16956
29.212708,593.5826,53.00216,623.5849
50.296463,136.08904,76.16855,174.99074
0.09317398,252.42847,11.201178,290.26086
48.708878,342.08826,72.66989,375.02612
59.012726,578.9826,81.20781,606.4329
