0.0,545.28235,19.952377,572.8253
80.048355,347.84418,102.81816,378.61346
89.35872,555.2527,112.07561,586.6492
111.72272,436.14044,139.78903,472.64996
21.940628,491.87134,45.621613,524.605
49.530388,300.1582,74.73642,333.9939
47.076202,410.85916,74.3626,445.16537
112.41594,292.11023,138.45638,326.20703
58.04771,575.4264,80.650314,607.1908
28.892197,623.0891,50.055885,639.97864
23.028332,169.64668,48.168873,202.28706
22.886372,349.8178,44.992542,381.60883
83.03673,438.68784,106.252655,468.10587
82.56627,181.81668,109.94005,220.97952
27.418478,40.4774,55.182808,82.90677
0.0,297.23218,13.705405,333.71576
95.77617,0.040420532,119.45729,18.21154
0.0,66.87706,16.270714,99.784836
117.68582,160.26724,143.37347,195.16544
56.67894,190.85263,81.90956,224.26224
60.57569,30.762566,84.54543,66.3235
120.36779,44.435066,147.59106,82.761894
0.0,465.0138,11.485516,491.94812
86.83017,105.48277,111.19153,141.9121
54.132736,126.52013,79.45805,161.56529
0.0,185.87631,14.206163,218.97296
62.23266,182.88728,109.66439,223.44576
