0.027318954,520.8413,18.984003,555.39465
80.13609,235.06,103.88585,267.67172
47.05832,423.83167,74.3862,459.2107
3.0426521,330.00085,42.77045,394.07446
26.20023,77.60649,51.81706,112.85033
109.410965,470.58377,137.14723,508.23788
76.29324,362.91827,104.62497,397.4759
29.600685,596.9075,53.231194,628.9072
85.39876,161.43674,111.03133,198.82248
88.87967,578.7267,112.950485,609.9833
92.71091,0.0,121.31108,21.533264
118.37379,78.99788,145.60278,116.27248
0.19877243,90.04158,22.482399,138.25778
54.74405,130.85681,79.594086,163.3317
121.025894,600.71423,144.5244,631.62146
22.616552,472.40973,46.836327,502.50592
57.632004,533.188,79.87138,565.4319
0.0,260.10516,14.184628,293.6054
