83.74492,473.82648,106.574234,503.96344
17.858406,393.1772,44.384644,426.13605
0.2889557,17.073196,24.171314,51.04326
81.33043,251.82274,104.01805,284.84314
0.0,458.93408,14.254353,491.92773
114.86034,435.1127,139.34573,467.94467
122.33692,583.9889,148.24469,617.9795
46.53608,256.1578,71.39294,292.12216
59.234848,74.74321,83.29556,110.179886
0.0,194.69473,17.632961,232.488
24.256275,171.06201,49.685642,204.57312
41.726334,470.17065,71.04166,505.6831
123.99819,43.485695,149.4794,80.59585
86.01063,122.35775,111.13882,156.71072
30.596254,0.3701458,57.47026,30.949594
91.90656,595.23047,115.94407,625.1531
114.41586,129.36981,138.56044,165.87946
96.35086,0.0,115.84387,6.824361
55.286358,599.60406,83.693344,639.63654
0.0,353.22137,11.507751,382.52008
0.52602005,631.79333,22.147999,639.89954
