17.91708,237.086,45.89485,278.9939
0.0,511.617,17.988312,558.6962
110.554825,278.961,136.21745,317.17365
116.715546,517.41284,141.82706,548.2727
121.28249,83.29158,145.08151,117.25136
32.95365,7.2197113,58.983757,44.366478
75.61095,357.1131,104.39496,392.7469
17.817635,379.78546,41.613678,413.5053
57.11783,586.82837,83.02295,620.781
56.226692,150.35297,79.24854,185.91791
0.0,55.15398,18.447126,99.26283
83.66796,556.43665,111.15835,590.88855
47.163597,437.7041,75.94994,476.7567
89.90428,76.14705,112.87758,110.140564
19.81814,462.69073,46.331993,499.8532
56.642487,25.289736,85.21538,70.40251
