15.446389,401.79346,39.308548,434.3186
82.59027,447.12024,104.03418,477.68103
51.820515,491.9898,76.88872,525.4207
23.081226,88.33739,51.07797,127.41719
16.7319,286.73352,43.192463,322.89368
15.7698965,185.37306,40.528885,217.8608
50.49887,388.18076,74.40611,420.20267
118.4387,589.04675,143.63718,619.8126
25.509327,569.6369,50.854923,602.8227
57.18712,578.07947,83.83983,618.1466
106.65617,251.61566,133.22783,293.42877
79.30002,331.3297,104.17421,364.67877
50.198296,243.22894,77.12417,279.68488
104.08354,0.14161491,131.1876,31.250273
83.10071,176.49791,108.13043,212.29219
56.982742,100.55472,80.86995,139.42151
116.03357,97.61183,143.37766,133.55772
0.0,120.18948,16.048975,188.81091
0.0,459.20328,13.019098,492.43314
