121.600296,563.2782,146.31697,596.2932
106.80493,249.74622,135.38544,295.6388
83.66613,386.69168,106.61108,419.2214
47.25329,281.02148,73.92646,319.97192
0.0,252.12604,21.791866,284.39526
82.48915,206.0495,109.73222,244.95905
26.241756,518.6859,50.62633,548.3185
86.9338,501.16364,112.490425,533.9805
0.0,60.931385,20.896843,104.812454
89.42784,603.31244,116.27986,638.82587
81.88462,446.01782,106.66575,478.39685
58.955933,565.3281,81.72049,596.6289
19.010612,331.6938,43.51326,363.41864
53.696342,179.70816,78.68336,216.88275
79.63608,308.44507,102.77771,339.49255
1.2306976,602.36975,26.890388,637.6698
46.3291,417.78577,75.93625,457.41797
21.542397,119.47238,50.430244,165.45187
21.085846,466.1267,46.230194,497.99884
129.5025,0.0,153.74634,18.657932
115.61601,388.01462,138.4853,418.82468
54.7756,493.7317,76.874146,524.01685
84.4353,107.5565,111.616974,142.96535
0.12839699,483.9295,15.260872,513.42206
0.053424835,197.24426,13.128105,234.73743
93.03559,0.5369425,117.8505,32.48488
0.20531082,0.024497986,27.942553,21.447803
