78.70398,378.98978,105.02057,412.54745
0.07754135,534.3744,16.181118,566.3944
50.64102,331.99792,74.49472,365.29016
26.165247,499.50937,49.05166,529.9552
24.066204,419.52747,48.123478,450.77698
111.15944,477.8172,138.98322,516.03766
28.788826,0.0,54.981697,25.815754
111.33127,220.4527,135.58627,255.99017
21.639727,200.84888,46.46324,237.61569
52.27549,507.0889,76.51789,537.8342
14.676913,269.89233,39.380085,303.44226
25.240381,70.48323,50.56144,107.27281
19.225952,330.39392,42.49858,361.96704
85.36676,498.15924,109.06497,526.2198
118.35535,611.8916,146.8341,640.0
88.92976,52.600796,113.833786,91.03787
116.05301,130.19273,139.94629,169.3867
51.434746,244.46802,73.94314,276.66968
124.25613,53.659454,147.28787,88.495804
77.86209,284.989,104.7785,320.0185
86.5896,618.9902,114.602844,639.80096
46.808594,408.14154,72.84247,443.08453
0.15576077,92.44661,15.41354,130.89171
55.1773,147.07306,81.20542,186.13104
20.794912,119.974754,49.33378,158.3627
56.242325,596.7296,82.55328,633.15295
84.61359,141.0805,109.969696,177.52829
