52.325104,462.49884,74.49527,490.9273
82.86715,381.7041,106.35137,414.33502
0.067492485,453.05145,15.477453,480.91608
0.0,575.3933,21.173815,601.91675
26.116606,516.3026,48.149734,548.0078
72.151566,281.27264,96.24419,315.5838
86.52078,536.655,110.20491,568.8701
111.89169,497.23682,134.59633,530.0126
20.306019,195.76395,44.945576,231.05014
83.08228,131.9825,108.65838,169.545
115.475075,102.954285,142.20749,139.81616
0.07186031,97.942,15.973355,143.07178
26.250347,135.2533,49.78197,168.6005
12.724476,0.0,57.09499,34.68995
60.51864,182.8028,85.67608,217.97214
