60.72401,0.0,87.18761,34.7832
57.94905,122.836784,82.69621,157.13403
0.30974197,0.14968681,23.138863,16.663185
45.239136,436.1998,74.97102,475.941
23.97503,408.27664,47.925438,438.89566
18.753677,266.55206,42.799187,297.32147
79.22604,343.93692,103.03369,376.0132
78.86802,471.2198,104.88491,507.41815
59.409172,568.6363,83.12803,600.04474
116.95975,180.65967,141.3559,217.79663
0.13455153,133.95746,16.001678,172.80139
51.47558,218.4571,77.29075,251.99055
117.82425,547.8572,142.92996,581.2019
0.0,412.96475,13.710566,445.66434
87.285355,165.9379,110.72945,198.39792
26.68843,605.4217,52.79815,638.2132
0.0,317.0113,13.069208,356.29352
96.78152,0.0,114.51629,6.0483413
