78.34003,304.03522,102.26526,339.1751
114.62701,500.09906,142.32294,535.8378
112.41933,384.97064,137.18161,415.97784
19.825298,363.36725,42.956753,396.61707
88.46627,574.67084,115.753334,611.60065
0.033489227,475.30685,16.261765,507.5289
22.455555,521.11926,45.757458,551.83813
25.607933,150.09567,50.098305,182.21927
0.46034622,50.496315,24.710491,86.89553
85.3205,432.26172,107.71827,462.72266
50.2752,435.49988,75.979225,468.2162
59.241817,588.41174,82.819214,620.5226
108.02779,242.27545,135.80653,278.11377
49.361816,232.21243,74.133194,265.42328
115.404175,84.27431,146.01047,121.35664
45.43505,294.92407,71.61789,327.1631
56.584465,136.67393,80.181755,169.98973
32.576416,0.039081573,57.909035,23.725191
118.018776,155.42743,142.57724,192.15561
25.43293,75.91904,48.443413,110.56784
18.942825,292.24677,44.029182,322.4588
59.63812,58.153107,85.855316,95.37396
119.6645,0.0,148.15314,19.23529
0.0,150.9079,12.357056,181.63223
0.0,415.28125,11.475077,444.71558
