114.41258,271.33337,137.53804,307.46985
18.186275,328.7873,41.317787,362.0418
114.07201,402.6651,141.19124,436.90485
80.14009,267.03217,104.907455,299.3609
50.963165,326.37714,74.79339,358.69208
81.53781,438.74298,104.97806,471.34973
58.692036,604.5885,83.37114,637.8688
50.868835,506.50024,78.91551,544.93445
21.674019,178.45059,48.73284,216.80539
21.998749,472.11768,46.1531,505.70215
86.82515,547.7434,110.70091,579.8677
121.39881,534.42566,143.54828,568.0415
60.008907,21.434753,86.8526,62.301697
88.86638,82.863464,113.894485,121.461945
125.77306,0.06376648,152.00037,35.33168
0.0,65.602264,22.936436,144.9885
0.0,458.9065,10.221949,496.80127
0.028244019,65.83809,21.497578,95.353134
