122.089676,537.21155,145.38371,568.18445
83.754906,532.45087,113.837456,574.81537
52.239136,404.28662,74.70618,436.35132
111.03009,341.1867,137.5016,375.4251
26.647758,507.29767,50.15001,539.065
89.887726,0.105443954,119.09488,29.354715
84.60126,190.4602,109.203674,223.98627
48.471138,326.041,71.07535,358.69882
20.050491,280.92035,44.06797,316.60602
19.721699,345.13873,43.44847,376.44635
26.046547,113.74085,49.50791,147.56586
119.871284,134.6325,143.35742,170.35626
82.750534,333.57385,106.5432,368.6853
81.14053,446.44006,107.69672,481.90393
0.27269554,605.4382,26.075756,639.346
81.96304,251.19131,105.21042,283.69846
85.258,107.173904,110.43017,141.32156
57.77706,58.367847,85.32177,102.15425
47.99225,244.4653,78.87326,286.84238
115.40222,422.4437,137.84238,457.0049
124.05424,0.0,154.00455,16.272123
0.09407234,467.21378,17.451551,498.53488
43.67115,543.7986,82.12364,587.9995
0.039028168,511.50064,19.490501,542.9574
0.0,192.64761,13.305745,226.49918
29.479225,0.20612335,56.57389,33.491806
0.0,409.46124,11.781899,440.90143
