0.0,477.02982,16.509071,511.26547
23.446312,520.1362,51.21707,554.8589
0.16992188,306.08337,15.569251,335.78546
44.19982,297.67346,74.331825,343.52454
86.72496,513.4321,111.72717,545.21094
29.600174,0.0,58.489105,25.639122
108.85957,457.1245,133.32187,486.47522
19.181892,378.75262,41.085796,407.96063
81.4361,343.87494,104.20102,376.12494
88.502365,22.562202,118.29472,67.03514
55.83426,108.4272,81.60593,144.7399
56.180504,491.32068,78.59998,519.33795
60.002296,595.9959,82.5151,627.5306
116.7801,87.20317,143.51532,120.97771
27.51847,143.62726,51.66037,178.25452
124.83371,579.1565,148.36185,608.5548
0.0,71.47894,19.693958,139.95395
