51.85701,469.97507,75.96461,505.24124
113.26956,419.00726,138.86934,451.82642
3.2008743,473.19495,47.06214,525.49756
84.57951,523.8388,111.426254,557.37946
0.20780182,0.15706062,22.49595,15.592891
113.705124,205.11818,138.30556,238.59322
59.86875,594.6925,82.67776,626.89124
19.40601,285.89453,42.52531,319.61847
65.615036,299.5224,90.54347,332.74445
84.0098,224.80286,108.39332,260.3188
0.17201805,622.8276,23.426598,639.7226
123.96785,78.96881,149.20702,117.58023
32.004326,614.9723,54.820045,639.8082
0.14301872,118.125854,16.569407,155.27673
51.579903,226.54095,74.8662,259.18005
21.390823,120.58974,51.80877,162.88655
64.46097,45.141205,87.214935,81.78953
90.30238,116.55889,113.65053,151.35223
54.702477,156.03038,79.06823,192.42213
0.0,278.3551,11.967245,312.30536
