58.14972,538.5969,80.55214,572.19995
115.06265,183.45312,140.17014,216.75607
76.75311,215.57599,102.621704,253.44748
79.81172,522.48444,113.10115,570.3332
50.864777,319.04138,74.12847,352.52258
10.9579315,268.16028,45.449192,316.60718
30.717909,616.5397,56.882736,639.7267
81.921005,315.49146,106.130875,348.16034
90.77168,87.16381,113.05995,120.56608
19.723038,368.5161,48.080566,406.4414
89.89592,0.19849396,117.4055,38.250492
49.031044,430.76126,75.13803,472.56424
28.363754,73.313675,53.66111,110.438156
122.24166,67.6315,146.36118,101.638916
21.663965,535.31055,48.482994,568.0752
123.52179,614.4219,146.97055,639.79236
18.692047,150.52481,43.645416,187.39456
0.011613846,90.84485,16.250746,176.25888
58.45348,75.65367,81.78737,108.98073
0.0,440.6196,11.105341,473.2576
