26.590485,520.97156,49.81063,552.287
75.923225,390.5663,103.63509,433.06326
0.055861473,465.64832,15.604994,494.04602
114.29181,517.38904,143.3782,554.1587
0.0,156.23499,18.674185,201.74634
14.802409,392.25012,43.7885,430.4925
28.47318,611.2792,56.122368,639.8751
82.56468,294.91882,106.86864,329.98938
44.89289,418.5802,74.26834,459.4178
123.86828,49.635452,147.25494,84.572464
17.935234,314.79004,40.6662,347.80933
57.849102,573.90015,82.220505,607.35156
92.52371,474.31357,120.70538,508.4946
84.49487,123.437485,110.676025,159.49654
19.8533,173.66351,49.409073,211.91217
90.871414,6.403969,119.69487,48.61045
53.52831,183.35083,78.34993,216.617
32.168526,22.41553,55.78521,55.511032
0.6736946,630.77264,23.031193,639.868
62.645,0.0,87.035446,16.335915
