81.209076,482.56573,108.526245,521.28375
124.29477,1.9462242,150.90512,39.7728
122.48052,593.09753,148.76251,624.796
0.007188797,68.42354,19.791397,102.27351
53.00511,536.6144,81.07703,573.1288
26.057264,499.61603,47.68857,530.05914
77.80275,283.79108,104.655945,320.77753
13.233021,372.93323,46.343662,422.81055
51.39955,395.70135,75.32753,427.63226
0.0,559.73584,15.9079075,590.6372
115.35219,174.26624,139.38976,205.95642
19.190128,171.95888,42.46069,205.04298
52.41012,111.883354,79.06016,151.93921
76.307434,157.36697,105.79845,200.88272
88.99881,60.124443,115.305115,95.43061
0.0,232.52924,10.555819,262.2212
