0.0,557.1057,19.252216,587.9175
48.877586,317.68683,74.65244,355.14642
1.4586926,404.16837,27.516546,435.81168
78.19547,217.01843,104.27006,253.02185
0.0,17.094238,20.17685,87.74185
82.5948,279.144,105.768845,312.73953
112.991425,196.46577,136.87125,235.08315
81.32765,431.42923,107.82201,463.99667
129.29367,0.0,154.50925,26.927738
110.7133,261.372,133.37251,295.13483
32.655365,576.8465,55.74022,607.46564
19.17485,300.88507,42.399597,335.33124
54.276485,548.8211,79.34097,580.7276
44.310318,387.7036,67.356064,419.07965
23.002483,475.42902,46.034588,504.716
52.891388,468.8167,76.517166,499.7185
84.95871,535.5088,110.40668,567.9021
29.991453,9.975925,55.340042,44.08244
117.48522,135.00153,142.30164,168.28412
86.80568,75.64824,112.29695,111.3127
120.70344,43.691444,146.48047,79.26072
18.87143,182.23817,46.063232,220.50029
24.682568,81.69222,47.232304,113.16897
0.0,263.13815,9.195442,296.89603
