0.0,211.28525,17.209496,262.27905
50.422073,441.4754,74.06683,473.37836
0.0,611.4353,22.361366,639.6234
18.486504,367.53503,42.355835,399.12042
122.67706,557.9662,146.94034,590.8761
86.41965,0.14654922,116.37875,37.55233
89.16369,555.8228,114.549126,589.4554
109.753296,353.13754,133.8201,386.69955
116.95514,426.84918,140.4021,457.0844
74.47858,364.71356,96.748535,397.16876
81.05888,224.41318,103.71466,256.9849
58.08589,41.215775,84.31973,80.33972
23.194946,491.034,45.228943,519.71844
20.92879,248.10341,44.312332,279.89148
118.952545,134.87164,142.92776,171.4833
50.933495,204.51262,76.692795,240.61955
29.816614,623.62195,56.14196,639.8495
0.0,336.46738,14.410039,368.74722
27.967464,35.7847,54.563015,72.28415
