114.35939,283.3172,136.95027,315.33344
48.2819,259.57556,72.81809,293.25366
20.050884,365.65103,43.65955,395.39255
114.2036,206.66147,139.1487,243.76083
83.38545,385.8584,106.7289,415.69647
20.701836,433.37262,44.310852,464.16644
85.12927,494.29272,108.976105,527.4788
115.102005,395.50775,138.4008,426.80975
51.408943,478.8003,75.533195,511.11157
91.06142,600.5028,115.57411,633.1112
52.652817,394.61096,76.155685,426.10095
28.820705,592.4009,53.783077,625.5503
121.42057,138.92603,144.0339,171.33905
81.12784,245.7218,104.903824,279.07184
116.12339,561.3959,142.07376,592.8002
0.11375618,32.25805,20.631283,68.40656
31.86979,8.09063,58.584625,44.151512
82.59204,167.96112,107.90529,203.78656
0.0,281.75458,13.523288,319.05847
122.20703,6.365036,150.70078,46.05112
52.081795,160.49649,77.15963,197.48874
89.07605,79.831726,114.0092,116.340164
59.40874,15.908375,87.88805,59.515224
11.334671,84.621796,43.486324,121.41127
0.0,204.65283,12.370206,236.62057
