77.89723,361.47363,103.77016,396.39526
48.482277,308.10052,71.873405,343.76666
87.0244,559.2417,111.54823,591.124
122.11103,59.002518,145.60309,94.23239
20.563251,415.62976,43.243023,446.91162
110.896515,450.00018,141.60013,488.97412
0.05133438,582.5584,18.401712,612.6873
15.731525,225.18674,41.537636,261.36606
32.24864,611.8369,54.561604,639.6218
116.0975,197.67548,139.88809,231.39343
52.956764,181.63126,77.10738,218.87387
53.25781,489.85724,78.68808,523.31866
0.040899277,151.89014,16.517092,193.16852
90.467285,70.005844,112.100006,105.44025
56.484123,87.39303,79.99436,125.265724
36.738655,0.0,59.51641,10.361023
