112.99106,492.13794,136.78918,525.8683
19.182251,400.93085,43.706608,433.43463
82.56006,278.61243,105.43048,311.3648
0.059293747,85.95932,20.861292,117.07785
52.258575,140.63432,76.294556,172.91643
81.5576,355.9791,106.978836,390.6946
0.0,523.60706,18.743507,556.45715
33.63955,0.26049232,58.937035,24.204605
59.858593,33.34774,84.43288,71.82012
20.047222,244.36803,44.69752,278.26135
112.89078,283.75586,138.54788,322.58362
48.99283,286.55353,71.85501,318.73126
61.181847,529.65015,84.71717,559.58545
0.0,323.92096,14.788969,357.805
121.78049,97.37387,145.20383,129.81277
128.7302,0.0,149.80261,6.049053
32.83194,629.39685,53.545456,639.9581
