112.48024,484.7511,139.4185,520.6962
49.496765,393.75647,75.27199,432.58594
105.30945,328.16022,130.69743,363.11346
22.574764,128.35178,50.20535,164.4642
57.21068,577.04846,80.45438,607.81165
20.985405,373.12183,45.08097,404.09106
111.925156,235.92984,136.86253,268.197
0.0,522.76917,19.11588,557.3624
89.930756,594.18854,114.098236,628.16693
21.163063,227.44058,44.348022,257.60452
29.188772,608.4811,54.89396,639.1183
83.524124,240.52487,106.3835,271.31943
51.87613,252.70662,75.435776,285.41388
120.23669,81.59504,148.0882,125.46204
0.0,440.6325,13.274432,471.04578
0.1700325,65.38367,22.1217,103.99075
90.77115,47.46594,115.364136,87.014404
45.80728,0.0,91.08377,57.401134
