52.96765,578.501,81.86432,618.8235
75.19876,457.11948,106.42642,497.15695
49.623276,352.89587,71.965416,386.74078
21.789948,458.4428,45.819206,490.4842
0.0,557.4762,19.505884,590.8446
44.15188,100.8952,83.76219,169.2056
80.371925,277.72937,104.74,316.63464
47.274323,230.06055,72.75275,263.51794
15.000489,287.03204,38.996384,323.97955
113.006516,278.07477,137.09059,310.73413
31.271439,624.61194,54.20047,639.8082
117.22711,98.34177,143.07559,131.73878
86.46195,147.90579,109.82267,180.36322
28.630692,0.0,57.72889,11.094662
0.0,452.9198,10.904316,486.4787
