15.854526,400.6504,43.316486,436.1535
115.17543,349.34756,138.1043,378.87808
62.529022,612.7393,86.70955,639.69806
122.48369,608.89246,144.45122,639.6948
26.712526,610.211,54.677887,639.79486
25.775398,531.4448,51.589165,566.01416
89.31233,0.02576828,118.77162,39.774475
18.239594,212.3474,46.263916,251.76762
10.926464,83.85425,38.147118,122.89638
53.01888,473.5385,77.19542,504.7973
19.646809,307.66577,42.73019,340.76245
49.094055,377.15292,72.63358,408.88217
117.49866,442.58508,141.97836,474.00183
81.58351,224.42255,106.546585,259.16064
113.85066,267.60107,140.98338,307.6142
94.26338,569.2457,122.05107,601.1034
47.5707,266.33582,74.81666,302.93994
89.5988,525.4034,113.131485,557.9842
120.0464,103.62303,144.31157,137.09283
82.193085,454.2746,107.914444,489.25494
115.63312,204.81296,142.40332,241.74832
0.1255827,192.4155,14.355356,227.47958
79.27402,357.5287,106.56348,396.1421
0.0,515.4393,15.016139,555.455
33.89463,29.77349,58.375237,67.61849
84.51651,142.06213,112.62283,180.54254
21.75135,474.47107,45.96736,507.05054
55.96881,120.88739,80.09723,156.56839
