1.5509815,5.438957,24.375439,38.35439
85.23576,130.25043,109.680725,168.28894
115.13368,344.81042,139.17079,376.69653
112.0025,456.7019,136.26944,489.85217
79.72302,310.47662,102.647675,344.08356
83.03409,495.98065,109.92299,530.1623
93.85298,575.34045,116.57234,605.32947
0.0,494.51294,18.43938,548.00244
107.86618,180.95483,138.3504,220.61438
72.27954,200.16992,95.28308,233.66571
51.562023,121.250374,77.846756,157.7862
127.120255,0.0,151.42189,9.853508
40.809464,624.4678,83.9935,640.0
27.131475,583.35583,50.77749,614.7522
87.24359,0.0,106.28813,6.566163
123.578354,626.62463,145.19374,639.9425
