15.836174,321.5434,43.320602,363.80573
17.829319,441.43945,39.91315,474.42993
51.04348,447.50043,73.6719,480.59497
0.0,538.4297,19.049232,568.98047
82.30437,505.33704,110.81596,538.7008
50.25099,388.10263,74.083626,420.07156
13.818615,257.58344,41.856964,293.20697
92.055374,21.895176,116.451096,58.383907
50.105133,240.45703,74.450645,276.25403
112.23761,413.0727,139.13173,453.1397
27.78073,609.9468,52.052673,639.9741
78.354744,152.31454,108.57255,206.99875
79.90415,344.74823,103.85053,374.88226
117.86995,486.62262,141.73994,519.5992
112.19911,294.98096,136.38771,328.47864
58.34939,29.334055,82.999214,67.3462
51.894608,141.94534,79.01747,185.08984
26.072632,0.0,59.87951,22.319986
27.196003,73.18437,56.184704,112.37071
0.0,91.795395,17.911583,129.65599
