76.24733,218.58286,105.5739,256.9064
13.931759,535.2992,54.434185,594.89905
81.99074,279.21362,104.91112,312.81683
83.51182,470.43146,107.87232,504.93036
117.17076,109.26773,141.98012,145.1513
16.472,416.3425,40.057793,447.15598
64.722694,0.28463936,88.8052,28.22416
32.530945,48.49321,56.42768,81.260895
22.771982,244.64069,45.369774,274.14136
86.784134,61.54585,112.85124,101.99553
119.72783,513.6344,142.97517,545.32947
0.0,276.51846,13.699164,313.91574
56.414352,103.89453,81.1897,139.89462
0.0,385.1867,11.099049,414.23602
