1.5668488,609.5467,25.513363,640.0
50.875984,327.13397,75.196075,359.38446
0.02560234,129.51538,16.86246,165.71924
48.118706,474.5606,75.67277,514.41925
110.007324,214.04651,133.64789,247.22394
86.7962,535.0834,110.48584,566.2903
0.0,0.15540695,23.7565,27.73985
18.673538,374.11652,42.447784,405.2669
0.0,498.2727,17.602076,527.234
115.83865,432.91522,139.60022,465.57806
77.541016,429.21808,107.127686,468.5785
54.03205,66.90247,79.17452,102.13889
89.94874,12.633133,116.69634,51.375763
51.57904,387.60028,74.3152,416.4886
33.56534,0.0,60.716484,22.752995
121.51074,577.3234,143.89285,606.9141
75.68272,603.7931,103.540565,637.9376
28.88802,579.11975,52.063656,608.598
0.0,248.43251,11.825452,278.70715
