117.042725,548.45325,143.50449,581.03015
25.980164,75.33307,49.968956,113.79326
78.93598,435.273,104.55793,466.04523
92.56804,0.0,117.512985,23.04572
16.56995,265.84357,40.09203,303.40607
48.406006,467.6989,73.75003,500.26202
108.16225,413.84833,134.7809,450.74908
80.45072,321.75623,105.04557,357.77234
110.289215,337.77402,137.66605,372.5273
44.032623,356.8756,69.10334,393.00415
50.16298,191.05835,74.97869,226.64148
24.689646,496.92694,48.22483,530.5942
86.83479,562.47125,111.61406,594.54047
52.855286,541.51575,79.19449,573.93274
54.230694,118.98129,79.15575,154.76291
115.295166,102.09149,139.42154,136.84766
83.95108,137.54477,107.883606,172.48169
