76.9868,573.56885,108.00813,607.92334
49.946075,164.4727,78.289825,209.9695
79.48064,419.9845,105.656876,454.1906
83.31704,332.71973,106.020836,363.73938
115.951645,475.43964,139.81732,504.22968
49.49903,442.78906,73.819756,475.16107
83.522705,222.57986,107.06384,258.46838
114.794174,155.22458,141.90904,196.85492
51.75377,332.8064,75.09415,364.91455
0.035858154,91.913315,20.129002,134.43718
21.691986,405.89062,45.07792,436.33276
32.973717,587.26904,55.864067,614.5464
35.251816,0.0,58.0149,13.268625
93.08142,622.9031,117.306305,639.91345
0.2940712,598.4028,22.859043,634.1341
23.529278,150.55826,48.189617,183.10892
0.0,316.87146,9.617701,349.00964
