114.816345,345.0592,137.81738,375.96027
116.83711,495.05414,140.83946,527.1055
0.0,78.71366,22.286003,124.695564
19.21229,192.23605,47.43969,229.33444
111.80162,215.93811,137.12022,250.547
83.68716,360.16815,106.528984,389.6678
91.59082,411.26392,118.32219,446.25513
124.05328,44.084915,148.47433,78.81354
51.79579,417.81635,76.076675,451.90466
51.58112,259.96585,76.729706,292.70456
0.0,562.5145,19.709194,594.29846
88.309845,595.7534,113.18286,629.78516
44.759804,321.23334,73.184166,360.1147
22.109741,420.09888,47.77439,451.56042
0.0,483.0672,15.782033,519.1438
83.18797,512.9531,112.20532,549.0657
60.38388,24.586174,87.28049,61.300774
117.51602,147.8227,141.65527,180.31927
20.364983,304.4226,44.921265,338.5078
78.99661,240.35132,106.13818,274.7046
25.892511,524.04694,48.706123,557.3786
32.14216,611.7064,55.11953,640.0
90.05116,131.24744,113.24077,165.13092
88.55217,40.949646,113.23865,80.550865
53.1062,99.892624,81.63599,138.21706
29.822182,34.17862,55.57434,68.64157
52.438343,533.6648,77.77931,564.22437
0.0,298.21985,12.419289,330.8523
