48.670982,435.35617,72.16111,467.91525
82.84888,240.84915,108.16272,277.13858
27.041647,610.8126,54.534996,640.0
93.16342,581.6614,118.85031,612.99243
109.32515,443.7663,137.15363,476.94037
27.203726,523.40454,50.882042,556.0519
124.03386,65.86548,148.79149,101.1958
51.916008,190.71802,76.43203,225.69458
81.81619,484.0404,105.5661,515.94794
96.54079,23.04404,121.228165,55.66254
38.686157,0.0,61.87294,9.92247
7.5975,270.13162,47.11485,318.1354
0.03182316,204.14703,14.394448,277.2453
0.0,503.69702,12.593117,533.86255
0.9073105,247.80595,47.39084,318.14606
