79.34137,387.65894,102.54953,417.71924
0.0,67.301605,19.158339,101.51102
114.04686,235.42035,138.9705,268.7849
46.763145,398.7198,71.338394,431.6447
82.314026,481.6753,105.58952,512.90247
18.607513,324.3697,42.48208,360.00146
114.19113,381.90686,137.64178,415.3512
0.0,382.12195,15.538044,413.03284
22.725693,503.31967,48.439293,540.7489
121.59536,494.61676,143.7958,525.91974
81.366714,280.22528,103.97952,313.69525
59.229965,593.4186,81.01451,621.7384
25.36697,160.9145,50.515392,197.55965
29.65375,57.211075,55.71083,98.28029
62.120697,5.3694572,87.35072,45.156605
122.80849,623.3922,147.78658,639.8999
53.77028,167.49692,79.23076,202.42422
90.82451,32.98345,116.49681,71.195335
0.0,515.8949,14.260905,548.67773
122.47293,43.99179,149.56131,80.47312
0.0,258.95383,9.184864,290.52737
