51.2209,443.3282,75.03475,475.7229
123.32956,0.36073303,149.17813,37.985405
117.94374,539.5772,144.88112,572.6756
108.353546,279.98096,137.57655,320.0769
0.0007610321,601.07434,18.90994,629.05286
117.20584,446.37207,141.2865,479.5254
83.70324,520.60645,109.03712,550.91846
78.7975,379.6747,103.59764,410.68973
82.520485,268.14398,105.833595,300.62848
52.20865,513.58545,76.96216,543.1448
48.21982,293.89575,72.06544,327.94025
50.83013,366.55557,74.326706,399.8217
21.907291,263.12378,46.27615,294.89478
56.180603,593.18335,81.93115,624.25464
19.126225,396.3075,44.39804,425.31262
19.865154,318.92126,42.760124,350.05054
24.473957,136.23834,47.698086,169.83734
27.413094,56.78187,53.90071,95.24803
107.82355,387.57117,135.47336,420.7113
118.59094,98.03409,143.98108,135.6333
57.74176,115.57373,82.23709,150.44113
28.28366,590.6974,52.91017,619.3229
83.247604,150.95227,108.78703,188.07156
50.085037,205.40292,75.55014,241.6041
22.996168,211.03995,48.082214,242.18442
0.104688644,104.17114,13.91206,138.94305
0.0,454.18463,11.387314,485.77643
68.85669,0.0,90.03427,13.913993
