75.94415,291.23096,104.588455,332.53918
19.391663,311.71613,44.012917,344.59003
114.45279,492.40625,139.23828,527.5846
116.07851,333.11203,139.17366,361.069
42.871758,228.8883,71.694786,271.86884
79.26028,404.65134,105.121346,439.18314
10.301628,580.1588,55.96273,639.95544
118.63354,119.57999,144.95575,156.64233
126.63956,0.017705917,154.30344,25.942776
87.907104,16.876022,113.87424,50.4981
24.462263,143.0654,48.053406,178.87018
89.63863,599.42773,113.98412,632.63257
84.66885,122.97651,113.323975,163.97449
52.876396,66.5137,82.10877,107.30881
56.9637,622.72314,82.94438,639.8601
123.277016,628.6356,148.23312,639.96594
