42.26941,336.08664,75.461,391.5145
122.25151,564.6587,146.28505,596.07556
84.54868,141.63226,112.9804,185.21222
77.60014,516.6752,113.2498,563.162
19.228577,235.88101,42.444252,267.8221
84.241486,376.44995,107.672455,406.14026
28.03702,517.6249,52.661194,546.87683
112.22647,278.09027,135.07834,311.75043
109.01355,435.65524,135.1189,470.26138
51.78827,143.4938,75.99461,177.43704
0.29983902,593.64526,22.60552,623.76685
62.06526,27.659332,86.57655,60.77935
92.27816,4.1317596,120.49363,43.311836
18.837048,331.3189,41.87704,361.2807
0.0,350.70465,11.589849,380.9997
