46.967506,352.13846,69.642235,384.94052
51.025352,184.11371,76.51615,219.90033
55.378334,509.23044,78.36738,540.0735
80.21207,259.66385,103.84195,292.7294
19.397213,190.56088,45.632313,225.25671
119.215,491.15466,142.70218,520.09503
25.77062,530.7268,48.928185,561.77124
2.299118,0.2505417,29.033428,33.51019
77.69488,569.0209,110.91781,608.3605
57.573044,34.66813,82.98166,72.32669
0.23441315,613.6083,23.718306,639.61926
121.816414,7.122944,147.8479,44.63259
57.346466,588.2378,80.13486,621.03613
0.0,307.26492,10.563786,336.48544
