111.07869,338.0344,136.81322,374.30472
0.011846542,104.7527,19.929747,141.28142
80.294754,451.13348,105.856125,484.69672
125.656906,0.014465332,156.03078,30.591381
82.76958,208.60583,107.15474,244.70349
0.21643448,553.0509,22.75354,581.2245
28.022243,607.8154,53.947567,639.4701
122.935425,43.629402,148.75784,84.69309
51.54146,396.17828,74.70403,428.38068
0.28510284,24.665604,22.036312,59.481247
48.915718,248.18942,74.83125,286.46274
1.2742729,620.9144,24.460009,640.0
76.00966,320.07532,105.24901,364.60425
116.06549,461.49487,139.2333,490.9931
18.961975,275.39783,45.86625,313.67126
119.98562,129.43335,143.31277,164.81616
119.93692,553.4959,143.60065,584.2271
115.111725,192.21114,140.53505,227.91673
20.014568,430.45135,46.34943,463.02167
26.46243,56.278667,49.315784,93.590775
26.829243,545.02625,53.53584,577.71106
22.65576,172.71368,47.874817,207.28
0.12273979,203.97314,15.036683,234.22131
56.35283,180.19897,79.588394,215.73117
24.729744,122.20317,49.6708,156.51317
18.894077,392.75665,42.60538,423.85443
19.630512,235.31638,43.334194,268.92636
88.537704,44.870926,113.61525,81.26994
90.378,618.52905,116.269875,639.9795
56.185394,526.40717,81.16109,557.6141
86.69853,546.0326,110.24342,576.56165
58.403496,619.6726,80.87267,639.97095
50.804626,462.2445,76.2695,496.94287
