48.13492,372.14038,73.98089,406.54358
51.67549,441.58063,74.60931,475.76324
114.01495,187.06264,139.41406,225.15541
17.399609,264.8387,39.94929,296.45493
28.153805,24.33996,52.45783,61.14318
0.108636856,51.803535,18.044405,88.78138
49.69243,184.66882,76.22687,221.93668
112.86694,312.6696,138.93015,347.881
83.81598,456.479,107.68945,490.53125
120.19789,515.56506,143.15767,544.9641
56.25451,515.01196,82.011375,547.2748
77.74997,308.08203,103.82678,347.28003
19.048344,459.8395,42.861042,490.70493
24.652384,139.39383,49.671104,177.12308
63.8277,622.8476,85.64609,639.8244
60.489426,42.594093,84.73985,76.411896
0.19208336,486.79156,15.195265,522.5308
0.057320595,198.32365,14.506293,238.51714
0.0,350.92395,11.116642,387.25146
