110.71405,399.6698,133.86823,431.88672
27.605389,277.9529,51.183437,309.31485
26.372036,545.60474,48.454594,577.41187
26.728996,71.92337,52.216682,109.411804
79.57822,226.93683,103.556,262.3029
84.63207,572.68835,115.68047,612.0648
117.95117,134.01993,143.85278,172.38095
56.210823,510.29092,81.104256,542.61194
125.28223,0.20855331,151.88327,38.386147
123.14177,595.3755,148.22264,628.0266
0.0,135.06213,17.347656,181.0156
90.854904,87.42195,115.69682,119.7896
59.53794,27.140137,82.65493,60.67637
20.596321,172.117,45.303345,207.21887
56.095,156.38937,78.66472,186.79684
58.343033,570.5184,80.76962,599.137
0.0,411.5459,11.229166,441.0852
