82.870865,432.622,106.158646,464.97833
81.86396,348.07086,104.19665,381.20386
0.10256767,198.46356,15.875854,234.07617
19.76045,450.16156,44.45131,480.9837
114.62671,404.46915,139.54092,436.7686
22.640541,282.886,45.0262,313.75952
118.2435,593.5379,141.06522,624.8826
87.87369,557.9072,111.6051,591.1743
118.86976,50.57432,145.1366,91.794205
112.44237,191.74069,136.56303,226.76382
47.430862,420.08698,74.50748,455.35065
27.294365,605.61163,51.237473,639.8118
59.2482,84.75046,82.64281,119.28128
84.85034,120.6068,110.37155,159.3896
96.954605,0.0,121.37685,11.447663
0.038790703,441.4911,14.925308,472.27057
0.07777977,90.435455,16.224936,132.99423
33.71428,187.52515,78.3268,261.42197
57.287758,616.5594,80.458,639.9051
0.0,317.1581,13.97082,351.80606
