112.331314,354.5426,135.84363,388.43842
25.38779,538.7127,47.65334,567.8404
44.393127,297.62726,71.452805,331.38287
112.71138,242.84161,137.2641,276.88605
13.889058,363.07343,36.921352,395.30792
30.272747,615.9978,54.69589,639.80664
79.082756,341.53635,102.68813,378.4731
0.23794746,127.188065,17.295729,166.9883
116.22473,508.71924,143.66586,543.95166
53.593094,135.37895,79.96771,171.8415
0.08102226,518.2788,15.064022,549.4048
93.04728,0.0,119.085365,26.516193
87.651276,495.08325,110.780396,527.80164
0.0,272.0348,12.209187,302.84448
0.0,425.95697,12.755707,455.09576
126.3055,0.026258469,149.57451,7.592827
