17.183949,301.81165,40.172115,335.29852
81.67824,435.73206,104.55351,468.1739
48.163567,379.02112,71.33765,410.05182
20.213617,192.00343,45.375618,227.73189
116.58661,177.50195,140.63995,209.01978
116.57765,460.86493,140.3116,493.43622
108.506424,321.14734,136.0967,363.33472
54.55623,508.7494,79.28671,541.40344
26.140404,509.5934,49.159058,543.16174
92.883835,609.9209,115.81975,639.5083
86.87899,69.791,110.0671,106.887375
54.613438,144.53903,77.22748,184.66208
32.56916,611.8699,57.480293,640.0
51.29834,28.279274,82.4279,71.87979
0.0,337.51236,13.54905,403.07565
127.08492,0.0,146.17123,6.0125446
