93.96751,0.0,119.359856,16.749294
0.006729126,527.3776,18.153698,556.8378
19.979738,579.80145,55.587616,630.03143
89.425476,93.17326,111.78702,125.79343
76.94774,241.92216,107.10489,290.39667
18.355885,359.3103,39.810658,388.48975
44.851105,305.68585,70.491646,343.9234
80.049644,468.127,108.80909,512.27435
50.498116,411.93683,74.22348,449.3322
115.82826,469.7126,139.06166,501.9843
53.771973,511.13293,77.85582,544.27734
0.17396736,64.21663,22.90376,97.748215
88.768425,588.94434,113.50736,620.5309
60.688316,606.5316,83.95591,635.1605
109.89302,319.83066,135.15277,355.96585
17.303005,215.09314,49.3886,260.60175
52.55893,192.00308,76.2162,227.17703
0.036483765,351.12958,13.863576,385.8034
120.75014,612.59265,145.11082,639.80725
28.891539,78.6989,54.060776,113.616165
58.777416,81.02649,82.535904,116.729706
