82.20442,252.14647,104.80739,283.62317
77.63493,409.11243,107.51802,453.77722
48.09369,442.93726,73.06465,480.07996
0.076797485,483.66907,16.970093,518.7856
21.152328,482.09967,43.06449,509.12238
115.61098,487.4745,140.1255,521.1586
85.73665,130.01074,113.49596,171.6554
87.03013,612.384,115.35772,640.0
57.409653,547.80457,80.487686,585.52966
14.065098,346.1337,48.526405,389.08865
0.20922184,223.1175,15.204753,255.95557
53.280357,237.604,76.07819,270.13815
34.005703,33.8929,57.398266,66.09586
50.658302,343.57922,74.11945,377.02332
119.76749,126.52462,143.36664,161.6865
56.14691,100.662445,82.150314,135.65077
21.901045,236.68985,46.54039,269.54565
122.73746,618.9887,148.72223,639.84174
