83.420006,485.78412,108.89855,518.36926
112.75018,465.63025,136.47202,496.4347
122.0211,611.3625,148.77724,640.0
53.841427,456.5862,79.24753,491.6199
19.209976,459.5092,43.347923,492.68112
113.4147,309.5821,138.42906,345.19086
75.67299,332.09006,102.68762,372.94003
41.699486,520.3928,64.014626,549.5906
17.933224,179.66919,45.060673,225.01202
44.847664,320.08447,74.08272,360.40588
2.0249348,0.021198273,27.834602,20.199627
35.631622,0.05350113,60.821564,27.084724
14.906582,305.18475,44.043427,344.47296
114.33257,135.68332,144.44421,184.61111
79.10304,236.7478,104.28374,273.82153
59.95498,71.74399,84.02363,107.86658
84.393936,118.19827,111.03804,159.05637
52.013565,142.92485,75.838776,176.51775
