1.9376965,546.8527,24.680504,575.5267
12.373727,261.70007,36.5338,298.5664
22.648537,450.7769,44.913338,479.5344
61.222855,605.7152,84.448105,639.0228
83.05466,467.52026,107.01001,497.1809
32.873283,623.3617,54.961494,639.8616
112.88635,525.46313,141.0121,561.7344
112.03691,330.64825,136.27756,363.78436
78.332565,298.31473,103.89122,331.1644
51.326347,233.23306,75.57106,265.59866
110.66791,248.05359,138.18916,291.48047
21.186983,102.99339,50.56659,143.50816
20.688725,157.17477,48.172016,202.32474
57.72522,85.62256,82.44412,124.68573
46.287247,286.41125,69.20528,319.39966
118.49859,98.332275,144.30872,135.47717
60.497913,0.055734634,91.544815,28.626667
83.86702,147.77148,109.05699,177.20728
60.576065,0.0,114.657776,28.593548
0.0,359.9002,11.929527,392.8482
