0.0,563.06335,23.245007,602.02454
87.32216,541.95483,111.039444,576.0464
51.216827,266.5943,74.198166,300.5003
26.973743,63.224808,51.16628,100.70181
18.724106,297.66647,41.167995,330.89847
49.641403,378.51028,73.048996,409.73
78.862274,396.33423,103.99628,432.55298
57.69112,603.8828,83.76396,638.32544
20.900425,227.82431,45.338833,260.16165
82.90521,169.05136,109.800964,205.16782
115.9176,439.71204,141.05734,471.73486
21.28939,145.34882,47.598923,180.83264
92.09157,1.7649002,118.757065,36.676888
24.10791,404.57382,45.610115,431.81247
111.137985,262.7135,137.06218,299.46216
79.34232,279.1607,107.25985,320.4616
51.194374,142.22867,77.934074,184.46396
115.195984,89.41194,145.00656,126.86757
58.915512,21.884247,83.76778,55.69005
0.0,97.19511,13.4329195,127.56687
