82.08472,193.94717,108.83412,232.99371
0.13980675,0.0,22.892849,24.82313
19.560837,369.494,43.07024,400.97885
115.00737,452.88782,139.13992,486.38245
106.684494,516.62463,144.78943,564.21423
114.68956,336.0238,137.98415,368.31775
91.21001,605.54346,115.854965,639.71375
22.478836,532.47705,46.198242,564.16626
43.93022,466.6139,75.75279,509.54956
32.883125,35.78752,57.075706,72.76626
78.88071,355.93665,103.39795,388.38306
32.9161,614.5073,55.383293,639.9032
57.0048,580.0095,80.858284,612.5488
45.95128,180.1139,74.89689,220.23763
122.27985,1.5179977,150.38913,53.10354
60.755325,15.475208,85.86438,52.778225
87.70511,539.3412,113.398926,569.1415
108.0708,156.01636,138.75131,203.3092
0.0,348.925,12.445345,378.0265
88.23692,99.39841,111.35823,136.4433
87.762375,537.04663,122.68594,569.01184
