28.764656,606.113,54.388527,640.0
19.122528,304.05597,41.94513,335.091
115.24544,422.53067,140.03394,455.98984
53.111237,153.20667,76.31528,188.0401
0.0,582.9575,19.372385,612.47766
83.12288,473.6002,106.858444,504.0956
113.76459,185.53143,140.67639,221.302
78.045044,319.38727,106.70236,356.12177
22.627384,186.95636,50.518085,228.6438
51.128616,411.8004,73.90822,444.13086
25.406849,465.8695,47.016132,496.21252
114.08391,304.87866,140.52661,339.75586
122.13943,107.374695,144.21085,140.31042
118.46263,577.995,144.40526,613.58826
89.72885,566.6284,113.74425,596.6825
49.978294,235.63611,73.359566,269.0214
87.627144,125.43591,111.82673,157.64832
81.55706,239.22185,105.87174,275.42926
0.12380123,447.6526,13.647712,481.57355
34.155365,27.380013,84.25029,107.734
52.769146,523.2324,81.400986,558.95874
52.535614,301.42944,76.369156,333.35547
