51.225723,203.18668,74.24622,239.6637
0.38790512,34.08941,23.5163,74.48652
50.91873,453.93945,76.299484,487.79773
83.20927,115.40455,111.31513,165.93396
91.91031,605.4447,114.5049,636.5586
113.96202,548.7782,143.19786,584.21716
25.358154,482.5514,47.448296,514.75867
10.463779,276.29575,43.94771,332.36728
80.92592,379.48883,104.01692,413.44366
108.28461,348.08087,132.36017,380.44165
56.222305,544.9237,79.97963,576.9562
111.04387,261.77634,136.61545,296.64133
50.792526,299.2952,74.24074,330.42538
81.00346,256.526,104.32002,288.9917
118.69113,93.46677,144.94699,129.63025
0.03245163,387.3109,15.222782,420.76898
28.13458,63.524628,50.818222,96.04721
59.518612,0.0,84.30652,13.132639
56.852787,96.70259,83.629974,138.2
0.0,451.27716,12.094751,482.8161
0.023137093,240.7064,13.966948,274.89673
