18.533073,279.87665,41.509735,314.58746
80.58605,363.76898,103.377754,396.2768
0.0,452.01093,15.381888,484.5086
45.717194,325.4083,70.251144,359.11673
114.37564,237.65076,138.4748,268.23923
115.74281,522.9359,139.63852,556.3417
24.351627,493.5824,47.55324,526.64667
110.78543,376.0044,137.86023,408.65308
53.18831,177.53415,77.001724,210.08438
54.278374,460.90106,76.10302,491.31732
33.589615,227.30399,59.528534,260.2156
0.62355804,22.10019,26.29491,58.06344
88.656136,565.5802,115.383934,600.82385
0.17541027,174.47275,15.380654,211.08084
122.92872,595.51025,146.86798,628.3906
30.163101,587.42175,55.607445,619.916
24.091759,111.65992,49.863144,150.97327
56.65846,533.3357,80.35576,564.77
86.86751,458.87698,108.68736,488.78104
121.07942,32.157364,146.79216,71.01656
65.92697,24.09824,99.708206,58.93162
33.11856,17.57593,57.64717,51.363815
0.086527824,509.98993,14.69845,548.441
90.10158,9.944405,117.36421,46.3667
83.38098,108.62094,112.674835,160.2948
59.974197,98.716095,82.83197,129.61398
