19.36848,315.24393,41.668743,348.69626
0.3285408,616.0261,23.380726,639.6509
1.1331081,0.112062454,24.907867,23.189299
80.75775,268.40295,107.34926,303.4488
28.185303,544.8222,50.66188,575.64667
0.019086838,230.99725,17.833136,265.91595
83.81995,188.13452,106.608826,221.60431
49.984222,196.31671,74.25343,228.63339
26.304718,156.17319,50.827652,190.70078
108.410614,406.2747,133.81677,439.61887
116.11397,542.8154,141.83537,573.756
114.71991,187.2725,141.63986,226.45284
52.024017,442.90915,76.686356,476.6149
58.46112,49.65536,81.812485,82.36038
125.564926,4.7905006,149.85374,39.37296
0.0,434.8456,13.868688,467.22525
85.17096,535.3962,109.7713,569.4045
