79.98525,273.11743,106.9374,310.91284
89.37091,558.64954,114.32913,590.81274
0.16762352,74.123,23.09099,109.1301
105.98656,337.82346,136.03502,381.6307
28.065918,574.71655,53.54602,604.22314
0.16279364,327.38855,15.980944,358.23853
19.058237,202.69891,46.493233,246.28009
46.20861,348.13293,73.80619,388.0204
52.069138,250.70584,76.3018,286.38168
24.466602,522.9182,48.109478,554.0027
80.55385,178.5694,106.1714,213.04272
117.280205,466.77817,140.20306,498.00906
84.40953,505.88428,108.633194,535.1301
49.602135,469.4544,78.06901,509.38837
19.798504,401.148,42.89284,431.2586
85.64142,450.3822,109.34149,481.92883
0.0,548.151,19.554403,576.4652
0.0,142.62344,16.243681,185.13428
79.985596,371.8532,103.59802,403.31158
58.02621,542.8221,79.953125,573.5455
122.197914,80.86745,147.16049,114.69499
59.954796,37.116013,83.76281,74.3051
0.0,473.73383,13.073452,504.26093
89.97776,81.25831,112.34144,114.53805
0.0,267.63953,9.725579,301.47156
