17.487652,300.4654,41.195415,334.81293
56.791428,549.0962,82.35776,584.97
19.217205,395.40375,42.678425,423.89386
111.051025,266.1845,137.75047,306.5301
0.0,572.21686,19.613655,600.8548
52.60723,412.22418,75.81861,444.0008
82.623795,443.95093,105.95903,472.73425
111.55965,503.79462,136.00105,535.6816
79.06001,269.91486,103.81911,305.0517
26.846413,528.86707,50.30491,559.4149
111.50261,404.1012,135.95164,436.432
0.01877594,41.258705,22.862316,80.52306
92.5493,43.991287,118.09932,81.73129
116.39923,110.15944,142.37323,150.89738
56.09427,18.482016,83.023605,60.0384
0.0,243.96735,14.2394,278.41522
