75.019104,444.59418,103.1492,481.72345
77.9509,290.36237,104.49223,326.42694
113.268005,344.05212,136.05803,375.79724
0.0,483.17407,15.589994,517.98596
32.02311,0.28385544,58.62977,33.045532
23.935356,277.04288,46.31285,308.3096
26.365274,464.08984,47.28379,491.568
88.27045,493.82678,110.14084,525.5913
27.216537,621.58997,51.68667,639.92737
123.706024,0.15493774,154.65546,40.875687
46.180534,320.17395,70.12626,352.93567
0.14090347,581.4721,22.260216,610.9096
85.136566,196.11554,108.0246,228.55798
54.739227,32.166992,84.190384,81.4041
53.050644,207.95528,77.48418,242.33705
89.6296,78.6286,115.131966,117.42383
0.02135849,190.67761,13.197195,225.85355
