51.182777,484.06567,74.77217,514.8198
117.02376,517.546,140.886,547.3119
108.81586,277.3924,137.56546,320.4037
80.782074,397.2538,104.887985,429.18008
50.19967,323.2932,75.825294,359.9842
30.563133,605.3147,54.540993,637.4343
21.943817,455.4965,44.612183,486.91696
87.072845,503.89682,109.67172,535.5641
59.769848,0.03332138,86.53346,36.0071
82.79149,175.2586,108.88054,215.8902
20.023975,236.94662,42.876842,269.96887
25.45655,37.69677,51.675583,78.86252
53.23296,128.7815,78.18404,167.81152
61.721603,626.2612,86.11998,639.8679
123.17517,0.22211075,150.52094,33.77973
0.0,420.7886,10.959093,448.87637
