81.89869,251.51431,105.22343,282.5258
82.49018,355.83856,105.32694,388.76978
46.809334,347.05103,71.61401,379.29962
54.306408,171.74869,80.359695,209.40927
57.538033,611.404,82.8068,640.0
113.876785,375.9712,136.77917,407.16345
114.92195,501.84805,137.84772,536.42883
0.0,546.5205,20.861488,587.31396
21.40674,472.74536,45.697754,503.77917
115.933716,122.45334,143.19101,166.47781
91.145294,11.852623,117.5697,52.75006
20.028542,312.4693,43.164406,343.36676
121.916954,612.71564,144.25272,640.0
83.7634,542.70966,109.473816,575.6104
54.973755,499.67896,79.83487,532.2484
26.950092,78.47066,51.13972,113.60057
29.123093,598.88684,52.950394,630.94666
0.0,274.5918,10.1321535,305.45496
