27.906532,41.39647,52.303658,78.82288
18.221466,288.98486,42.45009,324.15784
58.79024,571.86346,81.652176,604.7507
83.76704,474.8628,108.43633,509.05957
25.414766,131.8417,48.921646,166.15982
113.86273,221.2944,137.12581,259.4299
82.858665,273.30157,106.65453,306.59955
111.92642,493.4757,139.3231,528.70935
46.317574,484.08624,72.73778,515.9654
53.013428,185.0694,78.30092,218.49536
90.21828,626.48206,113.25798,639.8805
86.70878,71.785355,113.14774,110.87392
115.708176,319.0561,139.7039,350.82025
54.042328,334.8462,77.80463,370.66467
