114.03813,361.3001,138.71353,395.7743
114.25406,179.16974,137.7239,215.41718
18.063118,360.93353,41.781494,392.84357
48.25374,400.72733,75.06126,435.99734
112.47702,291.7218,136.71648,325.3286
20.742468,471.60492,46.1782,504.82574
71.718094,298.81387,100.997604,336.09073
117.69083,468.02582,141.60052,499.70197
58.07408,58.342148,81.58797,95.55362
89.829926,101.836,113.091,137.92899
82.97786,434.29907,106.0663,464.48706
0.010526657,475.77655,16.110044,512.9526
54.76837,510.67938,79.572556,544.98236
0.0,213.28442,15.436853,246.30695
28.76949,109.88109,53.294476,144.26198
87.00959,568.63855,112.841545,603.04504
125.410614,10.491734,152.05682,51.5734
0.0,82.06403,15.397919,118.24076
62.231842,608.3311,85.46155,639.51373
117.40444,606.82294,146.83469,640.0
