0.081560135,546.6677,21.242601,579.4092
78.546814,361.4987,105.22943,396.2416
1.3525677,14.360413,26.15714,54.20761
114.52267,440.60065,143.11966,474.50665
119.949066,138.13324,143.78448,170.56247
114.2872,389.78384,137.05864,417.94913
115.5844,489.49066,140.27751,524.2113
110.61438,314.169,136.51476,349.06073
120.97437,0.0,151.46283,27.13422
123.79251,607.9801,151.44098,639.8616
24.809778,495.49017,47.852486,525.8794
16.288048,358.87094,43.148212,393.87308
0.18591309,85.18494,20.133038,124.34067
58.268387,523.0626,81.020966,554.41016
120.99208,564.6305,145.79591,596.1166
50.133614,423.88025,74.54393,454.9524
16.536095,305.79785,40.207535,337.25586
122.83209,591.3175,151.73996,640.0
24.384285,140.19582,50.258026,178.38432
85.951385,576.30524,115.03998,616.3311
50.08635,259.0761,74.059265,295.10065
80.087906,426.5263,105.657455,461.18634
20.353256,406.5727,43.12275,439.55017
0.1992569,163.30292,15.104333,198.45248
86.113815,149.85185,110.57655,186.0709
57.600903,137.85294,82.63164,172.59189
23.624647,213.56732,46.596924,246.53168
31.209503,626.1647,54.685455,639.6881
87.95752,42.33716,117.75258,85.62219
