17.87236,463.79626,42.52993,495.8977
77.50372,411.60107,106.282196,449.99475
48.117737,242.96521,73.14817,277.83026
49.5757,364.11456,72.7873,396.24384
123.05175,8.81916,149.74493,46.30408
109.56311,333.14978,136.04214,367.2848
60.70558,0.0,88.892136,27.41676
115.015274,552.7107,143.68825,588.5266
22.28012,176.45847,48.15164,214.1116
59.77608,602.6145,80.7888,632.2942
0.28551483,624.8249,23.864716,639.816
89.52314,597.84485,112.5071,630.6481
121.38759,85.960754,146.15816,122.386444
86.55911,122.55206,111.8624,162.10861
