49.381958,384.94897,72.56965,417.67334
47.594505,226.59164,75.29227,264.51614
112.73172,323.55713,136.90047,356.70776
81.87569,254.25404,104.16365,289.92188
20.073093,442.0791,43.585648,473.24506
25.296143,531.84186,49.324577,564.67523
57.41695,539.7354,79.081375,570.259
0.29169655,51.954468,23.590582,86.20804
113.276596,422.0813,138.03227,451.65167
118.40602,131.62328,143.41914,169.06804
53.603,159.5828,80.58087,196.57162
59.172432,624.78613,83.831825,639.88965
0.071455,381.45572,16.569124,420.0457
77.490875,392.2224,103.43179,425.98938
20.337305,351.35706,43.743187,381.2002
52.528507,0.12971115,81.94296,30.613243
123.78519,0.0,149.62436,27.491447
93.57974,12.492168,118.33084,51.567623
0.0,509.56274,14.438412,543.374
106.233505,630.6776,131.53595,639.8959
30.617048,624.93494,56.352417,639.8219
