89.10263,606.85876,115.76123,639.2167
120.333664,517.32117,144.89915,547.2831
0.16687202,471.4912,16.302763,506.0653
116.24212,259.6535,140.47705,292.23108
108.11388,411.8724,136.36229,452.0256
115.63455,130.55641,143.97311,170.05577
18.708706,405.25067,41.7678,437.94946
86.280975,557.5313,111.11012,591.5866
78.66109,237.38272,103.51927,273.19388
46.794388,281.49902,72.798935,318.03247
0.5175724,0.0,24.661808,39.035797
17.335373,245.78851,43.196808,281.22327
122.877785,48.458,149.07645,88.455666
75.50734,310.9237,99.5027,346.03027
57.393272,561.69385,80.46061,592.33105
77.268616,363.94812,107.33215,402.9973
116.219086,195.23059,140.30017,226.96954
24.647911,545.76605,46.905037,577.2187
21.614716,462.44733,45.77775,492.4452
51.458183,181.1557,74.6372,213.94934
24.617172,107.80377,49.948112,142.51004
30.347828,623.6363,53.526318,639.8393
86.34142,498.62457,110.38915,530.1705
78.87166,433.9901,106.15988,468.21033
0.028759003,147.40182,28.853642,238.3985
0.117931366,69.36113,16.971056,105.62715
47.608,239.69861,73.2674,274.42505
91.45891,0.06060028,113.74696,17.024624
54.152,107.10962,79.234215,143.7869
