80.34515,435.72836,106.483246,471.8646
120.79094,65.35077,143.77766,98.84064
24.436691,531.4413,47.57238,563.9137
81.934525,280.8894,104.94014,315.21838
56.317627,120.886734,80.60806,157.9828
110.04024,382.24945,134.88582,418.61884
0.0,45.401943,25.648785,110.18106
89.69037,588.46387,115.66272,620.8191
84.33559,173.22711,107.08794,204.24399
19.92471,264.082,42.66129,293.80905
12.463807,329.76105,37.184387,362.00665
58.007748,533.44226,80.4949,564.8439
0.22599983,498.18835,15.0386505,528.416
46.908737,322.6287,71.26682,354.93192
0.3472824,626.54034,25.080624,639.75726
0.11983776,168.40277,14.10721,199.794
0.0,216.50677,15.470575,278.22626
120.154625,579.7803,146.38553,617.1135
61.420364,627.9315,86.63072,639.89636
