116.162094,557.301,139.87486,588.31616
79.171715,356.23218,103.476295,390.688
109.95068,395.60803,135.51508,429.64185
0.12952423,0.034687042,23.193218,17.053478
51.95374,491.95142,77.508026,524.82886
84.512375,242.75223,108.31114,274.68387
92.06683,53.78517,117.368866,90.557236
19.049519,252.31656,42.883114,283.74142
51.51544,248.07706,74.85818,280.53574
20.9329,362.84222,44.37912,394.70087
124.23221,626.28076,147.4779,639.98914
58.861618,81.62938,83.12448,113.23575
26.390106,0.0,55.53881,25.57925
0.0,435.35358,13.519954,470.6435
