112.99304,575.5588,147.83725,621.83905
15.818264,311.3073,38.257763,345.0473
82.796265,332.94635,105.57216,367.71906
114.40326,205.58224,139.4641,248.41983
14.015459,536.2562,52.655045,581.6958
93.46794,0.114673615,122.52568,37.825466
47.72152,296.94553,72.36389,331.57278
121.069405,74.78602,146.19684,113.94875
0.17904282,590.23425,22.265373,624.61084
0.0,75.745636,18.946444,113.60446
57.79047,0.0,82.42706,21.653896
80.78255,162.7345,106.19493,199.45593
20.097168,221.23236,44.60961,257.23877
53.694588,119.34365,81.507286,159.60788
21.678972,153.07574,47.498077,187.91083
