82.42304,344.8002,107.10421,380.3643
25.7464,117.53848,49.534607,151.80719
116.37709,550.2135,144.68684,588.06067
21.418566,226.40466,45.294144,260.63586
0.25240898,589.1974,22.513725,627.2545
43.74231,434.2173,73.93153,474.58813
13.167866,0.0,44.819817,26.05689
0.3676138,412.872,14.551852,454.53033
24.37799,404.1316,46.942932,435.83148
90.626144,622.0737,116.14613,639.98755
83.97299,184.46396,109.158646,218.30112
112.78966,290.9191,136.55788,325.34164
123.86534,0.011125565,147.70152,19.508596
51.602707,288.7905,74.897995,323.06888
21.377892,531.1401,50.1662,571.38544
58.455597,12.219423,85.664856,55.22754
80.25558,528.28613,110.58416,565.2717
57.072163,551.7418,82.236435,582.996
0.0,329.34344,10.433657,361.57648
