104.787155,454.24115,133.0935,492.3166
122.681076,574.2816,147.1645,605.776
99.97171,362.39337,132.3789,405.5218
49.493057,336.78973,72.17771,368.89923
34.07281,497.56464,63.270664,532.8359
20.572304,331.35986,44.97783,365.1283
80.84163,264.93506,104.78517,298.87488
109.16974,242.64682,138.28676,291.8389
81.0621,433.9917,104.2251,465.31726
0.1355896,153.93898,15.251993,193.87257
22.018152,172.60037,46.271126,210.04568
27.727043,61.59709,53.26117,99.82857
84.77811,66.91317,111.43707,105.800545
0.12338543,217.00067,13.714057,249.26025
57.568245,23.581604,84.93267,66.08377
0.022585869,65.56601,13.335309,101.4449
