118.02916,530.7297,141.32762,560.293
0.08985901,571.8718,18.512115,604.8616
61.42682,609.271,86.49286,639.2925
18.175621,363.66998,40.215355,395.44208
53.272804,490.07507,79.64468,523.54956
27.22563,610.4752,51.402924,638.4651
84.183495,462.802,107.75117,491.32037
50.65223,393.62695,73.67913,424.4806
60.558685,0.80056,87.98146,41.477776
90.36242,585.5572,113.75057,615.4329
77.23161,360.56262,103.70589,394.08142
0.12768173,156.8722,19.018219,195.98535
83.64998,300.0166,107.19763,332.5172
48.103134,341.17596,72.02377,373.98346
19.98999,193.30096,48.684975,238.29132
19.781605,274.7795,42.801304,302.25394
0.3572693,38.62245,22.32555,76.23645
115.12256,244.76773,139.88623,282.42984
51.416004,122.58153,79.99046,166.51195
124.27632,75.01578,149.99525,113.302826
88.03808,124.08976,111.41563,159.13303
25.86055,82.35927,49.452126,120.3519
118.324875,163.4368,143.76628,197.63159
108.225204,420.84424,138.84117,463.02112
84.03701,187.64482,107.51554,222.97581
52.18547,256.5775,75.07556,285.85022
