122.3139,582.54834,146.5239,616.0242
83.24742,547.91077,111.27821,584.30676
112.58293,354.51288,136.5363,385.26324
21.097864,212.86844,45.742836,246.93362
28.192295,51.338493,53.72822,88.30639
114.9948,175.59734,138.4163,209.51039
82.0231,227.05524,105.985565,261.489
47.369072,327.8484,72.309814,363.07745
90.7896,0.23840523,116.28801,31.020979
122.81441,33.04756,150.75407,73.31749
0.094610214,589.2545,19.219114,621.9437
88.23909,148.70142,110.86684,179.6961
78.53491,398.59772,103.334076,431.89594
0.2411995,185.2106,14.7185335,221.65768
51.446693,484.05994,78.098885,517.01056
112.50177,269.3935,136.11523,303.16632
52.550995,161.20605,79.758804,196.26044
55.778267,83.43808,79.87574,122.58682
48.18612,388.7765,72.8721,418.43518
112.82431,414.65366,136.84781,449.2648
85.786224,480.67038,108.37811,508.7352
0.102295876,439.03543,14.514693,473.50552
47.169365,244.24185,74.709114,300.9692
0.0,286.82202,12.832576,322.39185
