22.713827,286.13684,45.19001,316.22607
92.92465,0.0,116.56441,19.820404
18.76564,374.24417,42.754906,404.0084
80.231415,267.62766,105.24603,308.10025
112.8956,463.46948,138.67807,494.6565
26.07559,59.29355,48.05345,93.23561
111.58971,340.44135,138.53017,376.35223
50.37651,172.58893,72.0686,205.27777
22.641434,206.21155,44.698524,236.67761
51.463753,491.94482,76.52149,525.20374
0.04607582,532.075,16.218493,560.50336
82.72363,376.62665,106.31973,407.61774
86.09714,524.0276,112.140625,557.73706
110.00745,268.83337,135.17047,302.50262
21.386322,588.3868,47.34807,619.388
117.81456,41.62979,147.86006,84.728195
45.455894,301.83862,74.22318,343.0304
58.53478,45.325813,83.99376,81.75428
84.64487,135.7461,109.144745,172.04474
45.876984,391.95416,72.56996,424.17596
61.60066,628.8982,86.41237,639.875
