0.0,566.1863,18.15579,595.7634
25.689999,542.48224,48.03896,574.2852
88.70436,591.8225,112.98503,627.48535
0.11240387,0.0,23.050892,25.081137
18.736595,228.2323,42.29226,260.55377
19.157707,425.10718,43.176216,456.70544
43.990288,379.21368,71.76437,415.01276
83.00327,422.7514,105.184166,457.10577
118.43436,481.0993,141.93985,512.4318
110.96269,346.88443,136.60068,379.6771
18.35085,331.55365,42.295395,364.66705
32.0868,28.460693,56.335197,64.0991
109.87204,234.42816,134.1438,270.76044
77.68016,254.52498,103.707596,289.84222
120.50027,85.73578,145.4014,119.29512
89.41562,67.172134,113.99078,104.80711
51.819458,251.48495,75.63098,283.83707
53.461147,70.49997,79.82587,108.371124
0.006546974,291.81967,11.124457,331.7924
