114.391556,201.96216,139.58952,238.762
81.78838,465.5828,110.91256,507.0872
0.0,536.0242,20.418255,563.25757
19.698597,423.74213,42.930958,456.64496
112.68855,392.2661,138.36244,428.35535
19.366482,268.03918,43.46708,297.14355
118.72401,574.8668,146.9621,611.13416
50.00905,215.39163,74.17528,248.0549
86.36655,98.52324,110.93121,131.51193
119.5859,70.13713,147.45059,112.392075
28.266203,601.01953,52.24922,629.1404
81.79492,180.27692,108.12979,220.49338
56.10861,557.8605,79.65033,591.9872
90.836075,591.37354,116.10248,623.1843
120.92006,0.0,150.9847,12.219716
0.0,412.19287,11.880184,443.04626
