114.69536,194.91617,138.61699,228.23978
123.80059,68.21182,148.76947,107.26834
90.92731,107.68111,114.13022,140.7969
112.42789,409.51428,138.35034,443.10864
66.05084,291.489,93.33713,324.8344
0.12168884,109.145706,17.502502,146.32396
56.26734,149.21918,79.421394,183.94958
18.889915,276.32068,43.02823,310.19714
51.443848,461.8026,75.526955,497.10596
23.549988,110.97239,51.54901,152.78586
83.91069,515.11584,108.998795,547.667
52.33406,219.75745,75.39554,250.36792
30.300148,606.98755,54.24884,639.1118
4.1675415,465.35266,45.91089,517.91943
59.19863,585.2031,82.497536,616.49023
84.16411,214.4812,108.36128,249.63184
64.684616,34.792732,87.81499,72.205666
0.0,269.766,14.118975,304.46637
0.2111988,614.0882,22.297314,639.94147
119.60896,632.1915,142.27245,639.8263
