0.0,573.19006,19.674068,604.4972
48.443512,334.52124,72.28083,368.21735
114.32909,497.3484,138.03694,528.26733
76.01239,270.65985,106.411865,317.57318
51.39312,115.132416,77.08196,156.11777
49.977524,237.07758,74.60295,277.89337
112.65343,420.82733,137.51083,453.52496
0.04288864,513.8309,19.352222,544.47003
11.056728,409.6443,45.55057,462.87158
25.893631,34.305534,57.740334,81.15142
0.1506176,23.57485,18.645739,61.150017
110.43796,260.83923,134.9642,294.45184
22.122705,195.03796,44.692604,225.88544
52.074028,435.16483,75.237976,464.98526
85.59338,29.860674,115.79379,82.241974
60.155838,0.10661888,85.38884,31.201757
0.1375246,173.35815,14.86629,211.53177
117.46925,107.75879,142.72389,145.31781
80.640976,404.60184,104.158325,437.47958
85.63327,516.5687,110.43805,548.5753
58.540718,587.47986,83.57377,620.3539
32.11612,596.8257,57.12992,628.8213
0.0,364.82855,10.78199,395.10626
