113.28812,491.29865,135.91739,522.1378
17.414543,336.64856,42.990723,371.62427
51.77114,513.72424,75.0229,544.3955
79.705414,310.9457,103.97461,346.9976
20.122267,495.82355,44.041595,528.78766
87.94935,556.3118,111.060555,588.92755
82.513985,446.03094,104.92867,478.4389
44.886597,305.47986,73.16502,342.60474
113.20877,290.6183,136.73135,324.03198
0.0010108948,195.08356,15.424506,230.96646
58.369606,588.81915,83.400475,623.5151
82.913155,221.3406,106.01591,255.98093
116.32808,57.743256,141.721,93.79596
27.02881,168.30359,50.47351,200.41437
0.07292175,57.230778,29.944424,95.4762
95.336815,0.0,121.42043,21.131226
41.64872,63.71193,84.9009,143.89041
