0.02749443,82.68826,20.029018,117.64642
17.296097,307.98193,40.08287,340.8009
50.448288,441.51837,77.81471,477.09235
115.85886,270.68344,138.72873,303.53946
112.59836,468.79553,139.111,507.10767
90.088776,594.58,115.24632,627.47015
82.88945,267.99225,106.30296,297.80377
27.246046,130.22049,50.79373,165.42029
117.938034,547.35815,143.77678,580.42285
26.653452,588.70386,53.690178,621.98926
82.924835,182.09674,108.090195,218.82736
115.41577,375.38885,138.68073,406.00787
23.329529,419.6437,46.53689,450.5403
48.98523,277.39984,72.918015,310.05865
0.110658646,498.89636,17.738974,531.0829
81.718864,403.3982,104.827126,434.05804
21.978405,235.68405,46.236546,269.56717
56.734386,541.68555,80.99446,571.55066
83.67561,512.78564,108.91701,545.13245
116.07503,138.93481,139.27498,175.219
54.96101,164.61214,79.413376,200.22255
91.4134,77.756584,114.72608,110.427605
0.0,154.93935,15.892403,198.03337
26.402468,498.45456,48.192062,528.6675
60.92617,79.051956,84.356865,113.52519
97.95781,0.0,115.456436,5.51366
