52.715733,514.50635,77.87244,548.1643
110.131714,297.8443,137.31628,333.56866
85.81946,532.8445,110.08328,565.4319
116.57344,113.23978,144.60118,152.01071
57.5132,56.33437,82.32733,93.69438
0.18451118,439.64133,14.582421,472.05978
27.089108,549.65485,49.81812,578.4561
18.630974,392.3449,43.356712,423.14008
82.666,180.51373,106.53607,215.4903
20.580952,288.6825,43.78034,321.5559
74.31944,316.28802,102.06438,355.57257
110.20096,414.54285,135.32944,448.81433
51.88977,234.01758,75.99683,271.16345
20.629042,135.22302,51.165497,180.73706
89.51103,46.391594,115.34839,85.209755
50.512177,364.62292,73.74625,394.6974
64.58554,630.89026,86.80977,639.8844
0.0,252.77634,11.842598,285.60806
