74.959305,329.38397,102.14432,364.72833
14.829025,322.9842,40.366577,356.4344
0.0,483.10516,16.224356,515.54285
114.26538,231.22858,138.52005,265.15793
47.21743,296.84674,71.98537,333.11786
82.622345,546.5329,109.62363,579.7697
12.80499,171.93588,41.986225,215.78165
112.22131,408.4519,134.67747,438.83606
117.08807,534.8074,143.57104,569.19775
26.894836,103.559525,50.62432,140.33662
59.7679,89.11549,86.466446,125.82909
61.04444,6.5755997,86.48116,43.595192
124.04968,6.5080185,149.65637,43.92964
122.9044,618.42114,147.70528,639.91235
95.86751,0.08176613,120.734085,21.697922
53.192856,596.1841,79.40126,629.16455
27.406643,617.0017,52.95725,639.8585
