82.90062,205.65161,105.785614,243.15204
1.5168247,0.43073463,27.807566,31.660326
107.272705,586.0608,136.0933,619.8845
57.83306,115.3913,81.67126,152.85065
47.92382,182.79825,77.084946,221.68726
113.39229,277.62018,136.11674,311.909
54.671234,502.89047,77.33383,533.23425
22.95454,489.6828,47.25942,523.2019
28.162865,588.52386,52.21566,619.08075
0.19753456,331.9923,16.26165,372.58765
122.53352,78.54025,149.10817,115.99039
18.052544,398.45325,42.783653,431.77734
58.177444,590.8528,82.49068,621.719
111.89865,376.67352,136.63757,407.17572
20.953087,304.78967,44.67238,336.22705
48.472626,344.49677,72.68556,376.8094
76.966095,345.7077,103.47446,379.58588
0.0,466.85153,9.785362,499.33102
