15.608712,320.02386,42.975075,357.04956
56.28014,56.618134,81.63982,92.48166
51.71878,473.66217,75.88208,507.99408
84.086716,263.8249,106.754,296.72955
0.0,470.74435,15.51676,500.89078
116.127075,491.52588,142.98386,526.1438
115.053955,380.2367,139.01764,412.26453
0.0,586.756,19.568409,617.35364
51.08988,379.38858,76.013306,412.13675
87.66948,548.3578,110.82234,584.651
115.66734,83.66608,144.82954,119.88754
80.434906,142.85797,106.467224,178.62491
21.601938,241.01747,44.902092,272.8905
22.562363,525.7748,46.50563,560.9227
0.0,215.69382,9.976046,249.29144
