114.244064,179.16046,141.1035,218.07257
25.074135,559.4923,50.659935,591.2637
86.94603,547.97546,111.66502,583.0331
0.28726196,432.96484,15.827042,465.20386
117.26246,517.5217,141.29083,548.8694
84.51172,468.6181,108.194824,501.86542
0.14985275,552.5359,22.324907,581.7937
78.79374,256.2456,104.635155,293.06348
28.471983,27.89164,55.89702,64.02009
21.314001,391.95654,45.37603,421.82507
58.554276,0.0,84.497375,20.226439
51.9857,531.38666,79.91542,564.46356
112.9642,316.0523,135.81421,351.0285
125.28876,9.733135,152.25482,43.72414
85.35884,114.1209,112.02199,153.4068
57.88933,91.201996,82.895706,130.20226
0.21192741,12.3461075,25.52251,56.10005
52.600845,207.20206,76.16437,240.626
0.0,330.81262,15.658157,364.46582
33.635628,309.9239,75.555115,380.47363
18.10057,293.00348,64.29518,328.64545
0.0,219.80722,11.250184,260.4428
