82.41795,397.40198,105.43071,429.9535
27.516144,21.301956,55.875618,62.781944
108.600204,148.53757,142.6974,194.83511
60.12294,0.41825485,87.7345,31.35666
109.08357,365.1328,136.07422,402.22412
0.143754,160.21478,15.326994,206.0271
79.95282,305.6756,103.32797,340.96405
0.06447315,438.12976,14.959536,471.86218
40.601547,433.021,63.97589,463.58142
53.800266,122.82707,78.40979,157.36232
117.00467,536.1305,141.35864,571.02905
90.71293,567.9556,114.91071,600.336
0.11740875,54.04527,20.934315,91.65901
19.929138,379.0078,43.212425,408.6195
34.135826,520.0422,83.05756,597.0994
12.515915,518.3607,36.592335,551.3606
58.803024,522.7487,82.33336,590.247
