82.71926,413.16376,105.87452,445.33484
0.0,508.39136,19.310951,542.4629
112.576935,237.48456,137.57277,274.26373
18.985085,383.88943,42.511272,415.13278
50.71945,405.95544,73.789154,435.89062
0.12179947,25.720566,17.984554,59.74614
19.576515,249.88982,42.467503,284.18658
89.64107,608.5222,117.3633,640.0
91.60288,49.034996,114.96574,83.94982
54.126266,474.3357,80.16638,507.3623
0.41858673,597.3406,23.878956,628.2639
115.23816,552.4302,144.47116,590.2505
27.26384,44.871384,52.108597,79.956085
36.561836,533.35315,61.12316,564.43555
53.633026,92.579865,83.056335,134.0021
0.0,212.83,13.507153,248.90923
56.76946,172.74469,80.11568,207.98697
