18.978382,288.34634,44.63926,323.99142
120.605835,516.3452,144.54883,548.36743
53.672943,324.6969,76.15971,355.53967
0.0,543.5051,18.577364,591.2766
20.349035,195.24945,45.666695,229.42273
109.14896,386.07202,136.39468,421.083
50.59787,428.85193,73.75284,459.88208
20.46814,414.78644,43.573685,445.81647
122.80078,605.3982,146.62753,637.29175
63.731415,588.3685,87.68356,617.25696
31.032578,623.1427,54.422424,639.85486
0.18038559,95.939606,25.366245,137.69305
114.55525,163.00528,139.23863,195.82065
56.313953,492.30072,79.61931,523.1865
83.59146,497.13986,107.18509,530.99365
54.3621,147.70248,79.65595,182.24954
120.8478,59.633472,146.64072,96.93065
84.4008,126.32724,109.984924,161.22736
62.74018,0.0,117.11062,27.78151
90.40599,0.034160614,117.972885,27.652607
61.60926,0.0,89.46583,23.778307
28.79761,99.45944,52.75673,132.38147
