44.00914,316.35788,73.71979,361.72903
0.0,325.45624,16.370375,354.51483
81.51315,363.38153,104.883026,395.7011
24.666748,536.2221,50.686974,571.84564
88.08371,530.64355,111.27698,563.8386
18.173714,397.7844,41.732018,426.94083
0.014156342,493.41425,17.42632,529.4106
110.861664,475.19177,134.32553,504.3744
60.354446,613.47986,83.31462,639.8312
56.57788,508.67654,79.192444,537.4861
26.037067,161.71329,50.986958,196.76083
116.21332,109.56949,140.78348,141.40738
53.951538,131.05664,80.83844,169.00122
28.672821,1.9644585,57.21276,46.53673
126.74003,596.94336,150.31393,627.48596
87.56082,44.900093,115.22778,87.684425
0.0,91.31656,19.93996,166.79889
