20.347584,297.48904,44.552624,331.56802
0.65590096,0.38132095,26.033089,40.96092
114.7406,544.0255,144.86182,587.58386
47.19558,212.49017,72.20178,245.56946
18.76447,394.94894,42.93927,426.52994
0.033428192,515.7464,18.525173,544.76996
0.0,460.57336,14.303141,494.58905
117.2759,186.72116,140.7609,218.53464
85.90376,517.0559,111.006516,549.0797
83.32084,168.1951,111.43957,208.3917
50.718277,481.85773,77.8649,519.0154
48.672806,365.5752,75.31703,400.20795
21.42759,465.44376,47.72888,497.16617
42.086662,0.0,70.388374,17.84472
54.66323,107.92874,81.06924,146.195
27.84468,572.3375,50.63369,605.1293
57.72034,567.15533,82.55838,601.8393
89.86461,49.325916,114.07837,83.228806
76.87363,362.64844,104.433624,398.00452
0.0,187.7487,12.506647,222.79549
