0.07970619,0.35232925,27.509033,33.362225
112.916855,381.72372,137.67947,412.81064
78.55882,327.19324,104.19087,363.93396
1.5692387,611.7152,23.8939,640.0
75.6967,482.88293,104.21858,517.6067
47.90925,355.6021,71.35276,388.48737
0.0040187836,517.0062,16.747381,551.6322
121.486855,42.82917,149.71841,85.39039
22.018492,315.04465,45.47522,345.2479
52.051376,244.27094,76.16824,277.11603
52.78299,70.17087,82.485306,118.40112
89.76551,530.6692,112.22759,561.6481
84.16815,235.85464,106.881195,267.84775
27.762367,499.01706,49.849457,526.4585
28.5251,42.667313,55.894386,78.48555
87.09306,120.30985,112.90086,157.68765
0.0,228.65002,11.131195,261.3058
