0.35789108,623.15295,24.97829,639.8727
14.458363,367.64557,43.16844,403.46442
89.567215,615.3972,116.962296,640.0
118.63789,499.92114,142.62907,530.7953
110.15604,369.77057,136.95586,403.08942
122.89877,98.556366,145.08786,130.65575
0.3399086,0.0,25.824173,26.799911
51.008804,392.17493,75.74295,423.78943
0.23421192,524.0176,15.630829,560.17505
115.314026,203.51077,139.85533,236.94272
0.026607513,99.84685,18.730896,132.86145
86.72882,464.5135,108.91226,494.10352
82.04695,210.50131,106.187485,248.46542
83.12697,294.25104,106.2021,325.17853
57.08508,88.644226,81.855316,126.385864
88.45004,526.2274,111.87912,559.9076
27.703331,556.44556,52.95697,588.29517
30.611517,5.339031,57.151848,44.383442
122.86864,0.0,153.43858,24.39151
57.832405,542.85785,81.91624,576.86053
48.28428,451.2181,74.58631,488.24496
76.481026,366.41766,103.88061,401.23724
43.90181,260.7386,72.50987,298.53192
21.906685,111.73399,49.846832,152.68895
51.843723,193.19687,76.559814,227.70609
0.0,219.55417,14.769785,262.56458
0.09826088,455.77173,14.115649,486.76636
109.22577,294.08136,133.81386,325.83502
87.48472,77.01584,116.02422,120.89609
22.399412,448.3584,45.288803,479.55444
21.823742,200.56369,48.34985,234.82596
