81.79712,423.30267,104.14871,455.61896
20.039162,338.44733,44.30741,370.44928
0.13097954,543.5995,17.823019,572.92615
0.0,81.34491,21.407299,124.69139
122.82794,602.9906,147.6872,638.4757
47.16092,401.31802,71.080086,436.30765
50.240295,227.19025,75.62978,259.77264
116.70364,224.64084,140.89935,258.5535
19.807869,205.75296,44.53949,239.63727
26.996824,553.02435,52.185547,586.88947
78.920555,309.3709,102.78185,341.6494
82.80232,149.513,112.63054,193.09491
116.04605,54.33311,145.60193,95.840805
108.10187,305.60168,130.86502,339.2467
52.596226,65.49832,83.967804,112.406555
0.0,418.59103,13.680139,453.76273
0.0,252.80255,12.110301,284.16577
28.166622,0.0,56.108242,13.893596
