81.927155,249.03157,107.14111,284.852
0.83631516,374.1214,35.22288,430.1325
57.531418,534.9376,81.067154,569.23596
3.5117302,512.6841,44.664017,570.26355
0.34709215,283.05527,15.733463,319.70218
82.45502,377.17706,106.24843,407.79877
90.022766,16.011963,116.691635,55.99121
60.272934,0.044094086,85.49565,29.449474
48.803864,352.60272,74.44803,392.71576
115.38042,383.81815,138.44588,414.83426
47.499786,152.61862,74.922615,189.22415
116.0176,134.13504,140.67068,168.95529
117.27748,515.95447,142.57195,545.73596
81.47969,133.9873,110.61989,176.27228
0.043144226,481.65723,15.586176,521.2101
89.607635,564.8369,111.39993,591.8286
31.469913,592.77515,55.809536,622.37695
