114.96486,521.03955,138.14934,555.9746
114.93344,215.68515,138.34435,248.58585
0.14660645,8.761669,22.4813,48.08155
81.71908,221.9115,104.25042,256.18558
22.629469,188.66498,46.43689,222.8255
16.182957,357.76453,40.77606,388.15918
77.48753,384.32568,100.70763,415.59406
48.725327,474.6761,76.516594,516.0391
0.0,478.71246,17.430286,516.2118
87.09568,556.96545,112.18174,592.7782
23.907875,467.9711,46.99578,498.59024
29.631948,575.1714,52.572,605.0166
0.23967743,582.8795,22.630775,608.6654
124.25774,33.450287,150.57674,70.368835
87.28392,67.11346,111.11485,102.860695
55.6675,0.14640808,87.2599,45.937035
85.22977,0.0,116.570984,19.866413
