81.476,448.72882,106.10629,479.09406
102.94301,250.31186,140.50508,303.44174
115.594315,504.2713,141.77544,537.6567
108.62952,378.40186,137.63266,416.21497
83.1456,227.3617,107.57239,260.4632
121.55049,93.48811,144.22118,129.88489
17.382744,214.7886,42.444946,249.06058
19.547398,292.20837,42.223015,324.15283
56.894127,536.58167,79.87133,568.5885
77.80117,297.6852,103.39236,330.9794
44.57879,151.4686,79.12465,199.79721
86.28795,560.5992,112.87605,596.99286
116.709984,186.5127,141.65897,222.10754
27.661345,37.69954,53.752075,73.493286
46.78408,275.41458,72.660065,308.23917
90.87427,39.49479,115.88704,74.33292
27.692333,605.3385,52.71989,636.2648
