51.295708,259.37903,74.614235,291.61908
115.01842,235.6134,138.81877,267.63666
73.78679,326.29126,98.785934,366.8224
120.45752,585.2411,144.07928,613.90906
115.159134,453.76743,139.61357,486.21762
90.69627,0.0,114.103195,19.59938
82.89328,502.17944,111.32651,539.5498
44.59259,345.25714,68.56557,378.10486
0.057748795,527.3439,21.718086,557.67004
59.141396,605.3799,83.89915,639.78784
50.925674,428.2329,73.44701,459.58582
0.09705162,49.25258,16.740524,85.35889
20.550312,288.2293,44.450245,320.97418
54.194984,75.36247,79.90774,113.219925
0.0,407.24078,13.514488,442.25806
91.015724,632.3017,113.01116,639.8671
