0.0,129.19672,18.575506,165.11847
18.708511,394.6219,43.635254,424.66486
0.0,438.4743,20.388966,467.30103
115.32834,217.00739,138.7017,252.79337
18.530298,234.88663,46.81446,273.34238
80.54735,290.87555,104.12213,325.47876
90.69903,576.01587,114.8545,608.52405
52.250214,408.7244,76.55676,441.24057
0.17934418,0.21751022,23.402851,16.226059
121.01348,86.79224,146.8482,124.633545
51.51367,494.6286,75.032684,525.21466
106.54289,397.6252,130.44753,430.1483
86.57837,492.41504,109.6095,527.867
28.039879,34.53689,54.280945,75.50138
0.0,272.03995,13.423344,320.75528
52.539894,159.63016,76.339134,195.83676
21.36616,488.77838,46.245888,520.902
61.588562,30.156824,86.10263,64.602104
