18.961353,311.61713,42.20387,346.01263
19.946815,200.4071,43.839607,236.59583
114.04381,389.3129,137.57164,425.56857
0.0,521.2889,19.153675,555.33844
26.37653,89.9111,49.158344,124.6918
19.98753,432.13202,42.07683,462.82025
58.230854,63.633408,80.65178,97.917496
52.00232,537.3456,77.15459,569.78015
52.12254,224.89368,76.390976,257.5774
0.017868042,45.05845,19.38698,81.11369
46.195145,360.1455,72.48177,394.19043
116.0775,135.70798,142.3322,173.82709
84.24141,515.0194,109.425644,551.053
60.08789,603.43335,84.21915,637.13416
102.25462,56.80974,129.51881,97.28955
115.69267,518.7622,143.41515,552.02014
0.21040726,0.061720848,26.901455,14.990977
27.233953,622.63586,51.869514,639.94446
0.0,378.34854,13.822162,416.3165
