49.611244,448.3532,74.22216,482.56177
20.090328,541.21704,44.616276,573.11646
17.752613,329.79974,42.444813,360.5052
59.364613,587.056,83.73796,620.202
82.386536,328.9078,104.897766,360.48892
111.47569,291.67685,138.51256,325.0731
50.566154,132.29033,74.744934,165.2621
121.22365,0.22792435,150.72612,31.940128
46.61756,348.9278,70.70388,380.27435
0.0,489.85406,14.466927,518.02386
83.283966,476.47406,108.66455,508.57037
82.17688,221.52133,107.13287,262.15213
22.633049,242.93921,46.335762,272.67065
86.14908,92.55432,111.31915,130.09671
24.36114,165.17633,46.87304,195.90503
45.966187,259.69208,74.498184,300.7387
111.89879,217.41763,136.9667,252.56137
111.29018,405.4022,137.47868,437.7393
91.855896,597.9674,117.425354,631.8004
28.345016,14.412777,52.30786,48.707172
59.60804,3.9404259,85.50851,39.958134
0.0119485855,111.14371,13.290078,143.43503
0.0,343.44516,10.726524,371.95932
