0.0,493.7237,19.70669,524.7547
1.2431068,610.5902,22.489574,640.0
19.320969,356.05127,42.33535,387.1391
80.00362,408.141,103.28352,439.937
113.501144,262.63632,136.23349,298.62717
45.9085,224.409,75.131615,267.16934
53.67691,476.2298,75.7103,505.69397
0.0,56.58292,19.858986,86.09589
120.84629,516.42834,146.17258,551.2406
81.72937,308.67303,104.934875,344.77216
22.77948,97.877945,49.02266,132.974
26.641369,535.0418,50.725597,564.737
87.70567,107.60007,112.34602,141.81195
88.72002,483.5738,110.42134,512.73364
0.0,264.54407,13.220041,301.62378
21.925524,225.4562,45.057037,257.6424
0.0,377.21216,10.097912,403.42444
