14.782744,329.41962,43.79222,366.1607
123.76489,56.176605,146.5007,88.49654
116.80531,466.28647,141.56148,497.08487
110.70482,331.3233,137.46709,365.7992
123.409775,612.80804,148.0595,640.0
49.62816,362.52042,74.292465,395.91214
0.3700714,590.7234,23.028698,626.9341
0.0,184.5339,17.937986,228.8053
46.593857,223.60318,76.01453,262.18448
0.028903961,66.571724,20.097252,98.92855
116.74528,173.99477,140.74582,208.59828
26.589287,525.4315,50.990227,559.0812
23.049002,73.19265,50.70838,115.203255
85.73583,439.09848,108.35761,469.69162
82.99515,172.53976,107.21214,211.92923
76.35568,340.17792,104.358,374.9508
88.6237,37.54409,116.818436,83.08808
83.544815,260.04327,107.850235,291.482
55.24488,515.2931,79.772835,550.1571
87.53386,593.30835,114.722885,632.0925
59.614243,50.668266,85.03531,87.20725
45.44963,419.90967,73.58565,458.95068
24.435461,162.64972,48.703194,196.34753
58.712563,615.48254,83.806786,639.88586
86.641266,501.03192,111.34732,533.3636
0.0,419.732,12.071891,450.97028
0.0,490.02502,13.904608,527.2983
20.64833,416.9489,45.0839,449.65997
