0.16123009,83.41171,22.219444,117.58743
122.27929,587.3872,146.70288,619.511
0.0,35.75956,20.72371,70.30314
91.88603,0.0,115.54544,16.334965
112.402145,315.1346,137.99007,352.0795
32.517525,3.267147,57.72145,36.230644
80.42415,101.25183,111.404465,147.3352
115.79591,89.223465,143.32121,132.13368
15.188251,417.6001,41.66704,454.30322
24.960457,139.12094,48.828926,171.87186
78.10353,273.1722,105.51497,311.1144
47.62931,248.85005,71.65484,282.91693
112.24887,452.11243,139.87677,487.9536
24.466394,483.24884,47.654533,516.7537
18.903938,312.95462,42.161255,347.13193
50.27185,146.10336,76.71886,183.83737
114.41708,181.76868,139.27647,217.85162
0.20987415,531.7296,15.161948,561.6708
46.601204,329.3189,74.30024,368.93793
90.658615,578.9758,112.28166,607.7427
57.66384,589.98145,84.3679,639.3862
55.417927,494.21112,79.457504,526.20123
82.92911,444.08594,106.35979,476.9607
83.45257,176.85657,109.56138,213.05487
46.941322,436.5794,72.48342,471.34064
0.0,228.7515,10.007974,259.37857
