113.736664,331.45767,136.12494,365.78122
17.585556,408.09937,40.954132,440.50867
0.027645111,566.67004,20.614143,598.72485
114.87291,495.53027,136.93245,527.21875
76.33243,420.1353,105.614746,454.23407
6.865078,262.14923,36.383614,305.16766
47.282593,399.83673,71.90978,432.20715
116.81952,125.133446,142.55618,161.63681
23.171825,195.30334,47.095448,229.40082
124.30411,0.0,148.87152,25.748852
89.081795,96.542404,112.57259,132.3481
54.48878,107.49225,79.37627,142.10574
52.93775,192.44211,76.73568,225.9559
121.47991,622.7147,146.46161,639.96643
