46.73629,370.4816,71.650925,404.57675
115.111664,385.89246,138.28345,415.34668
20.004684,154.98247,47.57831,198.56993
0.5821419,623.6417,23.186195,639.8478
82.59241,428.8167,106.281586,461.29596
112.7316,213.72229,135.11281,247.7085
55.38587,189.9404,78.54713,221.65292
79.09842,246.65346,102.8389,283.11584
120.77644,72.63397,146.8189,109.045685
21.403625,506.10434,47.044846,540.2494
120.38376,589.4043,144.88052,621.8655
91.85556,607.3346,115.795,639.9447
90.288284,77.99245,113.13263,113.88577
57.268177,53.00361,82.70073,89.30363
0.0,387.74622,15.278518,452.6338
