0.18166924,0.007259369,22.041374,32.682568
19.579153,323.97125,46.338264,356.70428
0.0,562.3058,19.36285,594.4686
83.645355,521.7219,113.34671,565.2988
51.7369,401.29486,75.377846,435.82196
0.19097519,67.75366,17.546743,111.491
114.27196,427.2435,139.0513,460.28964
113.91037,353.07782,138.47726,386.89142
0.22372627,511.40854,16.927572,541.3944
0.25423813,614.45215,22.285229,639.74646
78.744606,362.0564,103.44814,399.03137
25.94696,541.8119,50.74775,574.59314
118.48464,558.1245,142.39774,593.541
19.904743,260.76813,43.19549,293.40607
64.69943,13.138231,89.97427,51.478508
83.023544,433.8139,107.75865,467.90204
118.3842,122.07236,147.26106,160.34393
51.476654,466.90134,78.676254,505.96042
114.93222,182.129,139.59442,220.97409
76.50693,259.69952,103.67911,293.88068
26.359512,22.203423,53.93402,59.67595
20.422512,435.14258,49.746197,470.87115
21.163229,185.02643,44.204613,219.02667
85.05344,139.9454,111.193085,175.96109
62.504818,593.7378,86.60269,623.59595
0.09411621,153.87732,14.78743,185.557
19.028133,387.97052,41.37782,416.4333
30.70929,622.32764,53.889465,639.85596
125.941216,44.388397,148.51294,75.806244
47.02381,313.18134,71.85656,346.36163
22.010002,143.5759,50.67074,183.81448
91.16516,602.8557,116.03003,637.8838
55.021416,158.70917,79.301094,191.569
28.373663,574.7685,54.196342,606.3526
24.56792,90.97589,47.968655,125.63281
127.86066,0.0,152.31042,12.662177
0.0,310.5068,10.104257,344.69833
