51.928707,467.14203,79.208954,500.16388
18.349396,321.14587,42.41472,353.5536
78.73068,362.57404,103.029205,396.42383
51.340385,173.42737,76.39809,211.44708
110.90373,319.7235,132.86629,351.8495
19.312092,210.0904,45.589756,248.1865
119.56104,80.90304,145.02045,116.167854
82.95812,94.02496,107.06574,129.05786
113.93729,446.6972,142.48148,485.09174
44.60791,270.1563,73.91263,312.622
0.0,21.07777,22.67371,60.24129
80.5103,487.10193,105.95622,522.0304
20.27504,450.44452,43.479954,478.77985
82.44528,251.29387,105.95026,281.66168
116.99553,174.27592,140.98824,209.42665
26.256744,101.839386,48.53186,135.03235
58.608612,552.37195,82.391174,582.6727
122.35665,629.65076,146.50565,639.90393
