78.18227,337.05518,103.63739,372.38977
76.005035,491.451,104.16974,527.10114
90.301544,539.552,113.01187,571.19995
114.410385,391.78653,136.95973,422.03653
0.0,2.33992,26.779919,43.39853
121.14963,54.454514,147.9375,97.36174
21.546116,323.6477,45.074894,354.2845
1.4823971,621.899,24.321402,639.92645
51.918,255.99437,76.1638,285.95398
0.0,525.32886,17.240938,559.2916
27.930546,507.97794,50.70119,535.3075
48.330063,363.55823,71.76747,396.93835
83.871735,244.6427,106.411194,277.30786
52.01006,81.34737,80.916824,127.41513
86.87865,130.59717,111.77144,168.58252
28.222618,52.8926,54.11683,87.643074
0.0,237.61496,10.273139,269.5931
