89.88923,601.3448,115.12083,633.7032
50.958588,551.21893,81.43361,595.5113
0.19490051,557.3286,22.94413,585.25854
19.862404,177.49652,42.828556,210.91351
75.33429,303.5825,103.84744,341.90897
18.630219,252.17679,44.37873,292.2551
80.79939,188.06079,107.477615,231.39282
112.29605,357.46808,135.39844,387.91718
33.249893,624.4434,55.299103,639.7994
58.927544,41.671356,84.15342,76.70859
22.27759,399.12494,46.652084,432.29962
46.381805,430.84808,71.71495,466.1502
27.186342,57.37512,53.693436,96.53497
52.104347,180.0254,75.07194,213.25636
125.265335,10.205467,151.04607,46.118847
0.0,435.00415,17.766281,454.59167
91.17136,38.861565,117.28104,73.24199
0.0,346.60193,13.651819,396.5221
