107.723816,366.49872,136.63329,410.6949
47.017296,369.88885,74.84495,407.76227
0.0,350.4365,15.931868,381.0306
87.07271,469.99146,109.548386,502.02393
52.010597,272.99753,75.37793,308.2128
21.646473,424.73615,43.08021,452.97778
0.0,569.8411,20.011616,598.27203
17.910828,230.49564,45.519066,273.158
80.71152,394.9666,104.11847,423.62866
118.760704,492.18317,142.03983,523.0997
49.386154,487.97803,79.251526,526.6431
0.13645554,102.95471,20.825779,137.24435
25.121826,540.0061,49.952003,571.9612
63.394524,0.0,87.87769,21.01342
79.421875,295.1612,107.73825,332.06323
78.96149,201.22162,104.51845,235.80597
29.067581,593.494,53.64811,624.24817
90.85694,578.29956,115.98887,610.84204
58.16321,64.62988,80.999756,98.644775
0.0,495.25208,13.728297,526.7002
85.623856,522.4872,109.38643,554.88464
58.819862,560.9115,81.680046,590.93274
42.111343,102.81905,78.89478,162.53897
119.45643,111.05827,143.73584,145.69356
88.35878,107.89436,111.1909,142.45753
0.0,169.36072,14.031032,212.4657
