75.67435,311.4547,100.37425,348.50964
51.825775,602.8385,84.4655,639.8578
22.446186,251.10144,46.859577,285.8343
107.10596,116.27193,137.85602,161.39384
109.94728,403.63074,135.13895,440.6073
27.111477,508.1269,48.488056,537.00775
0.449131,0.0081214905,25.087284,20.518803
117.25281,552.6616,141.90048,585.7405
27.184788,565.9027,50.60854,598.2012
62.453854,0.016423225,87.50961,14.572447
88.89003,60.807785,112.03221,97.417755
0.0,169.50998,14.065104,208.3009
55.074947,136.45598,78.89734,171.70937
0.32240105,462.35114,22.270739,506.14447
25.773926,99.299225,50.068436,132.35593
0.0,488.50568,18.784697,555.54425
0.29920197,595.6156,23.71746,633.8812
