113.09317,473.9422,139.72215,511.5257
47.183235,257.04248,71.99416,295.93823
83.276184,401.16028,107.89575,436.71606
22.475355,438.951,44.90732,473.50983
52.71065,79.89807,79.80086,117.80644
63.236877,615.22925,87.048386,639.7982
19.291264,211.34628,42.568405,243.78036
84.53638,148.59277,109.295166,186.17023
50.93875,416.06204,74.747444,448.314
30.340916,2.150013,57.800945,38.976555
85.466354,517.9125,109.7258,550.7859
0.026618958,476.8064,15.73896,511.07983
124.45953,5.5077133,151.62775,44.08506
15.595791,601.8275,58.527813,639.9872
0.0,283.68915,11.326156,318.1043
39.92994,604.1787,58.881844,639.8862
64.28711,0.0,83.94336,7.0943923
