0.0,542.5443,19.096539,572.5011
114.22356,380.55066,137.27312,413.2754
111.84465,279.35498,138.30815,315.4137
85.6882,467.23047,108.34256,495.9107
50.3052,401.01477,73.588036,432.59692
77.23703,283.023,102.85568,319.47406
51.92959,517.1742,79.95641,558.0668
18.868786,308.08472,42.244797,341.4134
115.41603,204.9024,139.20354,237.98962
0.0,355.79764,13.363113,390.62668
98.75989,0.0,123.92247,27.285717
20.22337,502.22714,48.48878,539.3075
0.0,142.18515,18.46664,173.81155
9.570782,219.94669,33.33018,257.04617
88.296326,197.18896,112.48407,230.81097
117.88034,564.5884,143.65417,597.49536
121.73117,0.067359924,150.01093,38.276154
11.182636,67.47375,39.384518,123.10293
44.423523,279.02597,76.05261,322.62436
