80.037125,329.24268,103.91579,363.59717
15.2896595,601.25586,56.40274,640.0
115.15636,289.7328,137.86064,322.531
0.10906792,546.3087,23.263235,577.87976
114.330475,442.28482,139.31956,474.11765
79.220764,438.10266,106.67786,476.23022
57.743984,90.67087,81.55591,127.4769
33.30935,0.0,59.657967,23.633907
88.52311,532.3668,114.179634,565.8948
21.747763,236.89273,46.39663,269.83865
46.022034,307.99048,69.321396,341.9054
25.531818,126.43555,51.70834,163.64456
90.17818,69.16814,112.541916,106.09749
47.057213,479.75818,72.720695,512.9513
0.0,211.8701,14.138041,245.08601
