110.42946,290.35858,137.48247,323.79352
19.698372,193.34901,43.59235,229.05013
50.673485,373.47546,73.6013,403.8805
81.541595,272.88745,104.05704,306.18396
0.0,72.95679,21.137524,110.96353
0.084145546,368.79047,14.060802,400.49573
123.17174,605.4575,148.08452,638.8031
119.67615,523.52625,143.07376,555.8307
47.10662,236.87534,70.8301,271.40915
25.592064,511.71927,52.036156,543.979
83.39438,373.88867,106.51227,403.90717
21.83774,412.42703,45.1026,446.97183
50.024605,138.62056,75.52514,173.21541
83.46816,483.40375,108.94558,517.7543
53.339928,451.42798,75.54092,482.8872
118.361664,130.56866,143.08444,163.62885
110.91232,445.48627,135.92545,480.07855
28.98879,12.7044525,56.037895,51.55841
1.5350361,572.5499,24.52244,602.2186
59.65067,567.709,82.832245,596.64966
91.5069,564.9062,114.31442,593.58417
27.466202,576.682,51.767265,608.0831
88.067894,5.1111298,119.959694,54.24743
58.82055,86.3441,82.61256,121.267624
65.24945,12.47789,88.89772,44.558144
0.0,241.67645,10.68759,273.35284
