109.69266,338.81067,137.13422,380.04797
18.742172,419.70654,40.208843,452.21094
114.54976,206.87692,137.8952,243.56454
51.558952,113.034485,76.22948,147.1232
85.59331,471.49445,108.883316,503.78082
50.011665,234.77094,74.3233,271.584
18.017391,264.0972,42.398052,297.07626
87.29047,137.56165,112.71837,173.4978
33.02909,21.29099,56.100395,56.78327
0.089551926,46.376568,16.186453,84.277664
19.653114,329.22272,43.570568,360.909
50.06588,413.91724,73.41886,446.23907
77.16892,290.36856,101.757515,323.6304
0.0,192.96005,13.196551,226.98221
94.986465,34.23224,119.15961,69.195206
18.579662,630.2113,53.1462,640.0
