0.018959045,114.69535,18.184631,152.29745
60.699207,0.0,87.41197,16.430481
121.3941,588.1472,146.20544,621.3352
56.95215,85.71904,82.48442,123.445786
83.68946,417.3884,106.76588,449.69022
0.0,523.01575,20.560959,558.4269
42.689796,373.16156,69.45549,412.2965
76.63191,293.64413,106.3638,331.27817
123.16341,34.253662,148.43715,70.865524
84.10605,194.45029,107.76276,225.0427
88.83499,80.75357,113.545746,118.69498
114.75435,156.39413,140.5078,195.3588
114.725464,457.7886,139.43985,488.85995
51.056168,442.71146,74.63167,476.83548
20.198542,502.73978,49.847527,543.55786
60.06871,611.6675,84.184326,640.0
49.285393,276.8153,74.141624,311.53442
116.185745,394.2475,139.3297,426.30737
114.70497,304.97134,138.6664,340.0316
27.959099,575.47095,52.192245,603.1199
84.458916,487.8045,107.93809,519.38025
88.825165,587.11035,112.50055,616.61426
54.978165,491.4004,77.1239,520.36743
49.875153,174.89139,74.33241,207.85324
19.63144,395.42795,43.693985,427.09207
2.4163628,283.6578,45.914978,325.02103
