114.37712,463.24164,138.5059,493.31537
81.036804,494.9037,105.994415,527.9916
110.306915,330.9262,135.29156,367.43585
121.318375,586.37396,147.22737,622.2397
51.440315,524.578,76.526146,555.91565
0.1083889,108.0874,18.651144,149.32117
78.888535,354.53082,102.04198,385.14185
61.208046,0.02822876,88.06884,30.97909
50.599472,275.15802,74.0953,307.1947
113.776215,190.21724,139.10931,226.62144
90.43977,52.488804,115.64006,92.49725
80.9362,287.9049,106.29347,323.98175
19.808279,225.82571,45.029533,261.02878
84.283554,164.03566,109.63081,197.3532
91.48763,599.4026,116.14126,632.9614
56.37761,73.71452,81.13274,109.12721
0.21241379,0.10097122,23.694324,33.918163
126.76112,22.16529,150.52925,56.758064
82.01018,223.94669,107.97981,259.42026
29.114439,57.708668,54.04442,86.828995
0.0,218.47595,14.553489,252.48492
