0.0,498.24695,17.630302,533.21484
113.708954,363.1606,136.42459,398.08084
20.76837,176.82463,45.329056,212.23033
18.801453,287.5319,42.86522,321.65036
51.62967,513.6627,77.20026,547.6747
0.123506546,20.432737,21.28214,54.639435
58.70839,580.86127,82.941086,613.59503
117.95352,107.22774,143.59393,144.97014
19.367409,410.07745,40.46347,439.55573
45.526802,337.2059,71.83275,370.7795
106.86301,28.363901,131.87798,68.335686
58.687492,37.225174,82.698296,74.18084
26.869368,600.3829,51.330505,630.1496
115.74466,491.0849,140.36563,523.9216
27.403717,66.55533,50.78663,99.70859
53.139843,199.24255,77.38658,231.95798
83.34978,487.39758,108.502914,522.91516
0.024624825,354.3948,13.425273,391.56155
0.0,210.98943,11.86516,245.0938
90.99949,631.4531,114.423485,639.9192
