19.894302,293.8205,42.9934,330.00885
84.4698,544.92163,110.142044,581.9697
80.55811,380.05466,104.14056,412.73593
114.802536,509.69678,138.84892,541.4165
50.504677,264.0448,72.73955,295.18652
56.452927,97.84186,80.884995,139.97302
110.88176,332.5264,138.55049,370.3848
82.19525,258.42023,106.713455,295.58856
58.240715,480.8709,79.54775,512.1252
90.95712,0.0,117.42731,22.591034
56.27678,626.1042,84.178024,639.73517
0.23830795,516.82837,22.331848,557.24365
26.488464,45.691124,51.50889,82.13566
0.0,138.18137,14.836087,175.40598
27.38134,464.98883,49.984627,532.8734
0.0,349.09576,11.702852,380.73724
