11.853051,285.49585,39.771698,326.55786
114.229095,205.37062,136.81165,240.64919
50.81971,412.2257,75.0262,449.573
25.859547,120.77472,51.80003,159.87912
60.68099,0.14104843,87.53288,37.9919
0.0034999847,200.40717,18.5117,234.64508
28.05621,586.7383,52.915493,620.6382
0.06676006,361.52936,14.720549,399.47174
80.97786,336.54486,105.96605,372.02838
98.3672,430.5373,121.78172,461.5074
0.18635559,68.18697,22.308609,106.62389
89.53039,593.1045,114.24073,626.23315
123.39508,28.592001,146.90488,63.802055
24.60565,499.56784,46.560806,531.7378
52.164307,222.8559,76.12341,254.75128
89.96106,88.52797,112.14401,123.44591
