84.59604,492.28528,108.31183,523.02856
49.40152,328.72052,72.1146,360.5069
26.656235,577.4137,48.411194,606.08875
114.51947,419.6217,137.93082,450.5835
83.02367,376.71613,105.84361,408.00177
0.1408329,42.258255,25.360355,82.844315
21.63897,519.08606,44.89103,547.3458
51.02359,416.35846,77.064606,448.9394
59.93225,595.53235,84.177216,627.2538
117.35774,539.48804,140.66866,571.1421
90.54448,579.63965,112.602036,608.26196
106.28468,317.50372,137.37328,362.52448
0.0,562.66895,20.124893,592.6426
18.438606,266.19318,42.237675,296.9997
24.847752,97.81201,52.175045,144.45532
57.422188,531.6691,81.75417,563.184
45.988937,270.72675,71.256744,305.97614
84.61182,211.43791,107.86481,244.69957
24.062218,184.34578,47.159622,214.53346
55.95974,37.06208,83.82784,84.52252
77.5421,277.7127,103.78227,313.08337
117.95991,151.36362,144.69116,190.87955
0.0,140.42879,15.762639,175.52992
92.370544,18.74747,117.14043,53.317722
122.430664,57.18809,148.45523,93.236984
90.287766,86.85603,113.19861,122.940445
32.084045,0.059635162,56.585693,17.695446
55.002014,179.21039,78.46312,211.62585
56.398396,114.45766,79.830124,152.53215
