48.87245,241.59451,71.960785,276.9451
26.549616,82.68455,50.034706,116.98432
112.42821,480.66534,137.85431,514.73016
113.046265,233.8187,137.55327,265.50974
50.028908,424.643,74.82176,458.21246
79.569,259.87186,103.753876,291.78806
59.5809,0.0,85.46329,21.453249
0.57894135,0.07568741,24.031706,22.522873
110.34697,340.28452,136.79541,376.83737
21.949009,188.43988,47.482243,224.10455
23.442078,482.125,51.88463,521.66565
59.32643,592.72595,84.40477,628.3224
18.663021,271.20868,44.23163,307.03546
81.33376,436.16827,106.90644,468.8592
84.93912,552.37476,110.040375,584.9387
57.4258,108.22049,82.429214,141.61504
121.858986,0.36616135,151.41116,39.696014
89.9478,32.229156,118.49541,71.878555
0.027288437,479.09344,17.011986,558.6452
