114.093796,216.87329,137.91653,249.11804
50.786522,347.77124,73.839584,380.41284
58.858994,568.55835,84.20334,603.58765
19.70425,397.95908,48.133236,435.7455
76.25662,246.49081,102.79144,285.5715
18.27097,181.39459,42.286716,217.67706
24.069546,563.8114,50.156223,597.0272
81.95081,562.8247,115.49146,608.1212
83.02757,347.00757,105.70595,379.94434
50.296677,461.9904,76.63108,502.13217
9.876606,300.00916,45.53168,347.66162
86.657074,116.274796,111.688126,152.4522
26.897919,102.53499,50.798508,140.1882
0.0,473.74957,13.123536,504.43964
89.300446,30.293318,115.65723,70.59544
120.64984,107.80676,144.09366,140.76535
0.20380211,130.33182,13.647706,203.18967
126.0972,0.005507469,150.03046,10.585228
