13.964516,307.71417,36.44062,338.68658
0.007686615,541.7452,20.599007,570.12946
32.09993,588.2729,56.147636,619.555
22.672165,401.94977,45.96338,429.0512
0.16159058,397.83777,17.80386,428.8872
51.46761,230.70807,76.71861,265.2056
116.022644,457.09402,140.70703,491.72787
50.039787,353.25238,73.18507,384.98444
21.934551,173.60254,46.395817,210.74677
80.95677,434.39246,104.507,468.3462
50.583458,467.9579,75.44848,504.11096
116.05177,205.71306,140.9604,238.33525
53.519897,115.82137,80.23755,152.46066
87.97604,36.734573,113.90991,76.58984
83.14077,501.72202,109.04691,532.9159
0.01614952,35.81385,17.793766,67.786476
78.11852,372.60968,106.31126,412.38605
108.25818,290.47992,136.4802,328.06927
118.517166,49.149757,145.99532,87.3046
25.036058,113.32092,50.161026,147.36768
32.21987,529.95764,54.758423,560.078
84.4482,218.39642,107.67793,250.25275
1.0557137,629.6057,24.05552,639.8966
120.042336,534.86365,144.061,564.1068
0.093310356,231.71591,13.506465,265.38574
0.0,164.36893,14.610895,197.88156
29.108997,24.58603,54.305805,57.936745
59.09528,46.514664,85.47562,80.84182
