123.20502,143.1573,146.3234,177.42326
108.45862,236.50067,137.34538,278.92468
86.494644,526.0488,112.3159,556.9971
87.69656,570.1419,112.8974,603.54877
117.905685,483.92487,140.03172,511.651
19.83257,298.71487,43.31468,334.1818
0.31248093,574.0061,21.12743,612.4352
118.92182,557.4534,145.52844,590.6961
80.70215,452.21204,107.09189,485.19543
19.439007,409.55188,44.14688,443.4884
50.701157,133.37238,76.053925,171.71844
52.615116,411.51886,76.41095,444.04156
23.410149,550.34705,50.07238,584.7186
114.83475,313.70142,138.89676,344.35083
21.777594,485.55786,46.636986,514.6524
88.78079,3.5184708,116.73312,41.007812
0.0,512.9404,16.100246,543.5388
1.96595,1.2828064,50.4018,53.286877
76.6675,289.06342,105.18543,331.13788
0.0,149.71167,16.57396,192.51752
81.90296,190.0343,106.429665,226.64917
62.66974,619.1118,88.45534,639.85364
28.78739,588.7693,53.057014,620.70386
123.27925,49.340942,146.24348,85.6216
76.74212,250.67183,101.18285,287.6889
122.42174,618.1068,147.97755,639.9098
48.276802,251.48544,78.3266,288.6528
58.61788,542.8302,81.73406,570.71155
26.036507,58.297024,52.641624,95.23114
21.570438,357.05978,43.39304,387.7554
19.915531,243.98746,42.65395,276.5092
59.14999,578.93274,80.91379,606.58435
21.43319,177.50107,46.432487,209.95572
22.429306,136.28293,51.472336,171.8671
112.717804,368.12027,138.68845,402.15005
112.44078,422.24673,137.00697,453.18063
