0.27423096,0.20871162,23.325634,30.508999
0.013965607,148.25797,16.556377,182.43076
21.05674,299.26202,46.827507,331.9743
17.4441,370.4592,40.11599,403.36295
52.460785,501.87744,79.3577,537.761
115.29144,520.92004,143.71808,557.44434
113.39821,209.48506,137.90846,244.14519
115.367935,430.86203,139.29842,461.65585
115.37416,331.78336,137.7566,364.3456
60.37033,1.4453926,85.3999,40.516743
87.1953,567.36475,112.48357,600.6631
51.980568,229.29929,75.96236,262.6632
82.95398,337.03766,104.64665,366.73206
82.81584,464.15326,107.021835,494.8056
80.061005,251.06107,105.27667,287.2985
92.28966,34.679672,116.85138,71.502014
0.11272621,553.4541,21.743902,584.2152
26.95773,475.30475,48.3812,506.94818
28.752205,547.1929,51.123665,578.6775
60.145454,597.0779,84.284584,628.59644
49.219933,345.0794,72.08248,375.26184
25.113136,191.61957,48.1447,228.36151
122.80521,42.095192,149.9415,77.9907
120.91578,597.39655,146.81683,632.2115
57.63728,143.89719,79.5193,175.88104
89.17105,142.40762,111.59784,176.12448
0.0,219.33813,11.786104,259.4812
