114.46234,450.15356,139.95493,484.86267
0.0,64.41452,19.632896,97.629486
0.2797966,0.043806076,23.334267,19.683512
81.82117,251.69005,106.33299,288.51257
114.481445,207.71309,138.6211,242.80965
115.11311,389.93152,140.14754,426.17426
122.11047,577.9815,146.87564,609.48175
0.0,137.46469,16.385578,170.78525
26.91252,69.197556,52.084564,108.70882
18.12487,272.0203,41.283417,304.33713
0.0181427,490.38763,16.246433,520.9421
29.311,609.54224,56.453243,640.0
110.88565,314.46826,134.763,343.96106
62.08685,40.763565,88.33649,78.1062
84.942566,561.72485,113.74965,601.65063
50.003998,276.69913,74.562775,311.76114
54.00277,444.15027,77.705986,475.91003
90.143166,131.12534,114.766624,166.46576
27.266336,562.24133,49.948433,588.6886
79.62578,395.68945,106.163315,428.79114
24.05735,497.69092,50.1623,527.60583
22.577288,431.1562,46.02043,462.3156
83.15836,457.88892,107.644005,491.50116
0.14830017,579.65674,24.18461,609.68286
125.715515,16.312387,151.37708,50.758293
91.90776,27.482203,117.39928,65.223854
62.534203,603.19946,85.356606,634.34204
18.931803,198.50908,45.310707,235.11604
28.898983,29.108917,54.42329,67.4816
16.417389,316.91968,42.874374,356.40442
52.278763,144.66196,77.73535,179.48071
18.625935,355.2562,42.098274,387.8942
120.57425,534.176,143.59433,566.31714
91.144714,623.7416,117.216,640.0
57.312645,547.11035,79.886375,576.91846
115.59726,130.59352,142.21167,167.77821
25.134575,140.58319,49.148453,174.82065
