50.96785,214.5368,76.21328,251.08167
48.380165,355.5338,72.88954,386.70428
0.16731644,529.0685,22.602627,558.26465
116.23581,265.2511,139.36368,299.89612
114.330826,434.85083,136.11131,463.84027
59.78709,554.1947,83.20601,583.32117
22.476395,475.24084,47.627876,511.1776
52.347733,108.67559,77.60164,148.7793
25.432827,614.41516,53.47938,640.0
82.74545,204.86165,104.84163,235.80855
110.95268,176.8963,137.99477,212.53589
85.322815,474.08276,108.41867,505.68115
0.0,397.99716,14.097085,428.7313
124.012695,0.04385948,148.28513,29.754122
21.958858,139.90527,48.170055,173.42294
