18.811699,297.41696,41.132633,329.7144
1.8352947,0.24406242,27.996254,31.429213
79.117386,371.95764,103.29787,402.27722
29.144682,585.8911,58.719574,626.3428
20.24944,204.50708,43.21268,237.70392
115.06569,112.86495,144.95561,157.35953
110.82538,348.62268,132.7269,380.2129
51.382965,226.17743,76.02796,258.75522
64.05829,6.8149567,88.82764,44.00677
18.94355,368.65344,46.77835,403.8048
111.358795,447.00104,136.94019,481.23523
53.2195,530.3629,79.25078,563.72986
86.6727,541.6255,112.54941,576.959
48.015083,357.57742,70.537445,391.26828
0.107702255,111.36536,16.551197,146.92212
29.370918,53.645374,56.41327,87.977585
115.62959,587.8279,143.45485,622.532
0.27993774,592.3806,23.461575,640.0
83.97772,153.83487,111.15747,190.49274
107.448166,4.018326,123.594406,27.491123
50.651886,111.18328,74.36849,146.5155
