113.57623,316.74023,138.47707,348.46277
111.97423,192.48587,138.43471,228.08228
82.632034,340.70157,106.219696,372.04788
0.22501564,57.690926,23.968874,101.46786
20.471584,395.62213,46.929592,427.0235
81.59129,216.95883,106.832184,251.13687
116.14856,468.5252,139.91086,500.9264
0.24656487,537.418,16.367943,569.66766
24.320847,502.9425,47.794792,532.8762
0.05983925,273.2691,13.749063,304.73737
91.55099,100.94002,114.09173,133.81693
20.382248,277.94995,44.101982,311.40247
95.08882,388.70444,123.352325,423.34616
125.67167,8.93256,152.01706,45.08372
81.4185,493.71222,109.32536,530.4633
87.35981,578.8491,112.54351,612.7285
45.126633,297.10672,73.56769,338.01865
51.94186,235.47614,78.70499,270.77737
29.3168,590.2401,53.402805,621.26697
20.577318,161.62238,50.28839,200.21716
31.285774,4.0849533,56.94455,41.029053
0.0,459.40796,14.707697,493.8617
52.074265,395.4248,75.763504,430.6584
51.55488,515.484,76.139626,545.43384
54.309677,71.86029,82.6431,110.98012
118.852325,120.414825,143.28067,154.52307
56.99367,608.4351,81.64635,639.4924
121.73941,619.3272,145.83862,639.9058
90.57553,9.244507,115.41809,48.513054
