17.157791,360.3581,41.27466,392.0365
122.25916,34.976562,148.10852,74.73344
18.757965,256.79993,43.420586,290.28143
83.36279,137.40454,106.98802,173.39703
115.12666,237.93176,139.94014,271.65903
51.092697,200.51898,72.99223,236.78448
108.705795,381.72534,137.04254,423.12378
49.012245,434.52808,72.29248,465.85596
120.06983,521.8573,143.44983,555.62976
84.11901,504.24057,108.65771,535.96985
57.26065,561.1743,80.87825,593.05176
0.0,388.5656,15.763058,453.63373
50.902397,88.68787,81.633644,129.23984
31.98434,0.0,54.369007,9.773561
27.771305,559.34143,51.00835,591.9418
61.691574,0.0,86.73143,13.28849
0.060839653,518.09985,13.820102,548.073
