115.82683,480.98566,139.93132,515.29297
48.3919,372.44977,72.99808,405.19147
80.58218,417.05118,103.88026,450.24313
82.90234,292.11206,105.619415,326.5581
86.81845,576.7206,110.29974,607.86096
15.259369,401.47574,40.378662,432.67715
34.50669,554.4087,55.814346,586.0646
51.123413,493.65485,77.41,529.349
43.379593,298.0346,68.08098,331.81024
25.662401,153.24011,47.854965,184.31226
110.04466,253.79817,132.8307,286.0611
123.17837,0.26430893,150.85129,34.079884
53.116924,105.07947,80.33809,143.82178
88.067635,81.61084,113.35937,117.09801
0.0,343.149,13.285097,381.5783
52.460938,221.23532,75.96825,251.4971
33.03337,0.0,57.889374,12.569466
