115.73323,584.6896,140.28569,617.9933
0.12303543,554.2257,17.091572,583.98083
83.08075,432.4456,107.1268,462.96506
0.381958,0.1394844,24.104824,29.576408
18.334755,330.50775,42.532715,363.21478
52.01906,517.0651,76.01744,547.66864
0.6985531,74.13687,26.86069,107.07538
49.14216,277.75543,72.25819,312.6258
115.013336,169.83295,138.89569,203.4292
25.92088,154.49136,49.531162,188.69492
81.7678,206.8081,104.092766,241.80322
51.161545,387.32495,73.906204,418.08398
18.215576,233.36325,40.670204,266.06204
107.48509,262.9352,129.66846,295.44846
125.17595,4.272629,152.11717,42.03166
20.332329,386.64093,42.920372,413.33795
76.201904,379.31134,100.23306,409.9071
26.561556,517.29236,50.497192,545.02234
121.32854,99.70514,144.21767,135.37286
116.631744,410.86395,140.28613,440.58948
52.717976,187.11899,76.33571,218.79807
92.31878,6.7722588,120.13738,45.63678
25.787218,68.05475,51.164093,108.9147
124.61243,51.112057,148.57864,84.76062
77.71051,248.79965,104.459045,281.2419
88.319145,85.546326,112.16526,121.356705
60.798645,31.613205,87.633255,70.6357
3.983574,68.7689,51.627335,110.08961
