74.32918,250.90604,99.784195,287.22678
25.597141,35.272644,50.623585,71.31395
18.94104,354.53064,45.299133,390.76306
46.60991,402.17633,72.556816,436.14166
91.44772,0.06378555,122.05228,40.59414
0.022216797,184.96454,16.549755,220.88745
43.19393,299.9449,68.10665,333.5097
114.62312,449.56506,139.13481,480.6718
109.874344,330.31708,134.2058,364.44598
117.653534,86.667404,144.35489,122.51137
114.058716,236.36285,139.60364,271.29956
88.2887,579.12866,112.879974,614.59705
52.28653,505.87366,77.06174,538.54675
118.435555,575.4785,146.01068,611.00525
0.0,365.43533,12.098937,399.1605
