49.16449,458.91724,74.91703,491.7426
44.056915,356.1371,69.27201,389.5785
115.03706,148.6014,137.58473,181.97304
18.971424,404.40356,46.812435,439.27698
56.779144,560.8391,80.01582,594.052
73.38173,308.53333,100.36781,344.16925
112.32373,292.11523,138.24886,328.64905
110.61441,383.34595,134.54994,416.67725
21.235264,88.26689,48.94547,125.907974
88.300644,61.960815,116.361725,102.459274
116.30885,501.9596,142.02275,534.0044
58.90947,5.665123,85.136765,45.107124
0.14270306,421.21344,14.019239,454.98773
0.0,243.28993,14.730518,276.81018
121.827576,628.7338,145.87067,639.8757
