49.269905,267.31818,73.57924,299.5534
19.232544,447.9218,41.81658,479.56
0.0,11.365326,21.803482,48.65046
46.96196,361.4402,72.625275,394.35974
20.083328,242.00974,44.547638,272.15616
83.95535,236.91809,108.07211,271.9087
81.09976,382.20844,106.370544,416.13885
53.276608,499.8546,78.80231,534.9442
27.82331,155.99947,51.760574,187.23915
109.840775,298.19415,138.06929,334.2276
115.35538,190.87439,141.60785,226.27502
16.086693,571.66064,53.667793,634.6116
49.586044,172.68,77.35704,217.83426
55.14301,52.038048,79.67294,85.16459
83.83763,132.6969,109.16252,175.84149
91.72531,5.9699554,119.27182,45.008896
27.795395,80.16854,50.222054,112.15002
117.57852,113.23079,144.10498,149.8308
87.12547,494.56815,111.53111,530.02344
86.10191,602.63544,113.3723,637.0881
0.0,154.95387,11.888077,184.92638
0.0,255.61256,11.277309,285.505
116.69653,581.8917,142.12155,615.6183
