114.40207,426.1548,138.80167,459.81604
92.790726,41.765366,118.51991,82.550156
56.273308,128.34106,80.898415,164.14447
55.644012,581.0095,82.88893,616.0281
82.104744,352.81006,104.75594,383.3606
25.459171,124.052475,47.48045,158.26558
0.18366241,22.925005,21.937155,57.753174
86.059586,492.04767,109.29933,526.1297
51.279556,283.29932,76.16605,315.98645
54.613976,445.69287,77.3346,475.95215
120.78082,570.97253,143.64853,602.9523
19.36153,328.80463,44.44347,362.35614
19.582909,487.927,46.256363,524.4242
119.37707,105.49637,143.22113,140.73965
108.45053,302.96167,134.8418,337.18945
34.331093,0.0,56.950447,10.36972
0.0,298.64532,11.831501,335.41803
37.692825,628.03644,59.76039,639.92084
