24.344664,493.77838,48.873123,527.4489
49.989075,233.93787,75.345726,269.05103
1.1006012,544.90344,23.733309,574.0875
113.85965,454.3813,136.55144,484.68176
123.17262,12.5270195,147.88408,51.310486
49.28234,374.43536,72.588936,406.7386
60.59539,572.0979,83.74012,601.8801
82.56581,227.24103,104.27675,257.5195
110.658676,196.67249,137.51414,233.99237
87.60907,493.16327,109.68338,525.3381
51.81134,126.27964,77.5036,167.34677
115.37929,286.6267,138.4799,320.62152
62.932953,0.026248932,86.952255,18.988274
0.11386871,414.21497,13.914616,447.25085
20.497902,161.37471,46.166534,190.19377
