119.37042,0.0,151.38852,37.58839
0.0,553.9102,21.613579,584.3542
116.02224,492.0636,140.14194,527.9628
123.54901,611.1562,151.11948,639.8979
110.553375,323.28485,136.05661,356.43744
78.52611,369.72418,104.90254,404.56366
49.812195,435.17444,75.12343,467.59387
112.19449,259.24774,138.18799,292.79083
24.073074,149.23166,48.373993,186.34842
115.86507,443.51022,143.0496,479.76926
24.668451,501.9627,48.286827,533.05414
86.65864,579.2655,115.51354,620.0978
0.16064262,96.94023,18.41926,135.1388
16.100578,306.9129,39.72931,339.26648
1.0956516,24.433342,28.766026,65.12601
114.65492,395.16418,136.4925,422.5902
88.51698,57.024643,118.046814,99.198975
19.96651,411.46548,43.572613,445.72647
15.634407,364.14844,43.95684,400.01794
83.821655,266.40002,106.512085,299.26196
60.19948,0.0,89.302704,28.473967
21.316795,217.36026,46.840607,250.91446
118.69803,148.87099,144.32782,182.1764
49.345,269.46484,74.30507,305.10974
120.86923,567.6169,145.48645,599.8039
80.1087,427.1341,106.50598,460.80145
0.023284912,170.98611,15.52936,205.84995
58.499683,528.6544,81.56987,558.39197
54.734802,148.1246,81.72453,182.76364
0.1491785,456.7339,14.787977,516.1981
27.567139,569.7916,54.512268,598.6105
