2.2380981,170.2963,48.767555,238.82825
41.951622,379.93225,63.685257,412.34082
113.112595,442.6665,140.3286,476.93237
0.056524277,600.7764,19.807692,631.1192
26.570026,525.5492,50.31323,556.30725
83.76418,559.62036,112.92655,595.8589
20.192204,434.4391,48.837337,470.6018
113.047485,371.22052,135.9702,402.55267
81.32558,385.5489,104.15285,415.4289
60.127865,0.0,87.34363,17.159733
123.27226,569.127,147.46776,600.47675
84.86331,478.30804,108.17828,511.28326
114.75293,179.46487,139.8931,215.75662
25.85456,271.14966,74.26703,345.1422
84.12196,192.60223,111.25949,231.02377
56.83641,114.13144,82.095795,149.43976
52.673134,440.66522,76.273125,472.31464
55.237167,507.29,79.701614,538.5027
91.72882,66.14383,115.29169,99.60306
43.547028,48.796806,68.851395,87.10607
62.945953,629.4645,85.88057,639.8898
0.0,501.67395,11.322449,530.68555
