120.033905,570.0399,144.46497,604.81335
109.78552,214.0174,139.263,257.0879
76.364105,284.4729,105.192566,323.08594
117.25457,516.4492,144.67554,549.61255
62.641064,613.9562,86.216995,639.7643
0.38240004,525.6486,16.135765,562.7889
84.836685,497.5942,110.13632,529.1909
114.362564,307.4239,139.06624,337.04303
19.107594,448.5244,42.552994,477.11145
19.64022,257.69904,45.050186,294.06097
0.3835678,616.40137,24.07388,639.7373
90.96129,595.2588,115.66545,629.1013
50.766052,369.13733,74.28836,402.7406
0.034893036,594.2781,18.711897,622.0349
22.411182,155.0161,47.96404,186.5225
21.188974,505.56653,48.512978,539.6725
51.91266,456.50153,76.21556,491.15692
26.685204,33.91181,52.822807,72.450905
112.06525,354.64392,138.11813,387.9933
0.0,74.59361,18.147808,120.85411
126.154175,0.021812439,151.4078,10.315229
79.7776,434.49432,106.270065,466.11713
0.11514473,593.74115,19.397387,634.32416
115.86348,453.98672,139.47823,481.29666
111.33424,405.09515,136.75856,436.92188
0.0793066,212.51077,12.760757,252.28104
84.257416,124.14232,108.62933,161.24074
126.439026,71.23145,150.62161,108.89306
0.0,469.8231,13.254287,500.7535
59.141106,542.68396,82.068474,571.31555
27.527985,543.1195,50.5587,573.43787
16.427872,372.26062,42.802956,405.48083
58.979347,579.1374,81.215324,607.1275
78.31464,400.6429,104.79161,434.2725
47.842133,200.55472,77.72226,238.57999
47.963776,286.40448,72.021454,320.14142
79.196465,329.32593,104.241325,368.28503
