51.193916,388.13208,73.82021,419.51227
25.74733,543.4161,50.77861,576.22626
57.231552,569.13916,81.52495,604.2478
114.41576,256.21036,137.75017,290.64175
50.75225,275.19244,73.723236,306.35907
82.26094,395.0547,107.08055,428.511
113.864944,387.03247,139.00815,420.1764
82.96808,498.29233,105.60817,527.9474
93.75452,612.3738,117.338715,639.96313
118.98486,553.26733,142.95883,583.44824
18.930927,269.18524,42.055813,299.89362
0.14542294,523.6157,15.991569,558.88696
115.02792,113.30789,142.83984,159.37708
89.67046,48.832516,111.44337,87.8587
18.534077,146.30444,62.994595,193.0346
