0.17464256,606.0482,22.655628,639.60315
114.07724,481.66815,140.00525,515.2868
83.19682,376.86584,106.34425,405.10413
49.8993,439.50336,76.424355,481.12482
0.12930489,458.00958,14.73808,488.05212
18.549404,427.72003,44.241283,465.3294
114.879486,205.84462,139.75381,241.2199
49.207443,316.0601,72.72241,351.67545
112.78319,311.37006,136.9794,345.11127
118.31058,123.35394,142.93365,159.94818
20.246628,231.50403,44.78138,266.27084
0.0,274.93793,13.1237,310.7259
91.750656,95.39589,116.27864,130.33952
3.0318317,138.92049,29.689749,176.94875
82.02609,181.18011,106.61777,220.52368
1.129036,36.43341,25.420078,69.43016
15.634647,0.09313965,42.475883,43.56877
