0.009981155,516.30164,18.737549,548.2677
113.45357,321.279,135.83008,351.4178
0.0,106.642685,19.179897,141.06361
18.015343,343.16486,41.062035,376.58478
47.69391,396.94153,70.91576,428.95862
27.621002,555.5902,51.806084,589.1841
82.760956,432.60608,105.3551,464.16797
113.47887,440.33618,139.92719,472.79236
22.954437,294.62164,46.426926,326.18793
57.169678,525.5294,80.401596,556.1373
29.505157,0.0,56.528786,28.091333
89.1415,523.41455,113.16151,554.1118
0.1444149,566.79724,18.85876,605.81885
0.8853531,20.817186,26.36434,54.64299
50.69783,248.99438,73.7487,280.74078
28.232014,95.85719,51.920498,129.11375
0.0,253.18138,13.997402,287.59277
20.168106,189.38464,46.35617,226.15103
77.38968,196.35153,107.68594,244.32254
97.58809,0.0,122.25462,15.375524
57.378983,167.23596,79.347946,198.1853
87.75752,83.45163,111.89,117.7897
116.35174,111.243225,143.89655,150.12656
119.73938,577.1367,144.4,609.7427
61.22917,99.391235,86.662476,131.46718
59.950783,596.17285,83.59649,629.29126
