50.147644,272.36786,74.40659,307.24005
110.453766,328.51727,136.3198,364.25238
115.60181,175.67029,139.86693,211.6735
26.272793,497.2387,47.436543,528.1879
115.14067,502.22,141.23964,536.2693
18.323334,334.94107,45.356174,377.07407
21.950603,124.15366,49.8361,162.76627
83.822525,539.6538,111.55086,577.6371
78.44708,278.61285,105.57947,314.27673
0.0,491.8329,16.51783,521.2279
32.09896,26.535606,57.582542,60.359634
51.593315,444.77496,76.172264,480.30786
121.64677,64.82404,146.2172,99.20574
89.98265,94.28317,112.04115,127.82614
55.636326,69.30618,81.234985,109.68964
119.364944,625.57367,143.2241,639.74896
59.09964,574.83484,82.03291,604.3241
28.05017,600.2905,52.600998,631.5322
79.125465,396.60138,104.395226,430.25952
