49.64982,326.2621,71.874054,358.61743
20.07262,314.31708,42.731724,344.74384
24.190445,478.62976,45.705948,508.75842
116.76224,491.69873,140.41864,521.9498
77.675735,330.16663,99.8042,359.92303
80.22788,443.13608,104.99839,478.8049
50.00673,233.50403,74.00633,272.1425
111.44336,369.45807,135.74182,406.5699
84.55443,531.54724,108.45143,563.7987
68.22237,176.2691,109.116776,233.5075
55.182125,491.44196,77.55478,520.33545
21.775532,123.87833,50.404896,171.91837
0.022008896,533.3187,19.527317,564.65735
0.1242218,0.0,28.539345,73.27762
0.0,236.62698,9.556524,269.09702
0.03868866,55.53112,23.795502,77.47971
