50.682663,331.363,73.708435,364.10397
18.855087,235.77954,45.472946,269.1412
80.32985,285.04852,103.74544,320.91113
0.15743256,518.19507,17.29249,551.2605
92.7393,0.0,120.052734,36.34806
0.10270691,101.200806,19.216164,138.21675
111.0365,395.39194,135.88344,428.1251
19.081558,403.97382,44.13816,436.76495
116.89299,514.47205,142.91322,549.3978
85.333176,471.00616,108.595535,501.3559
52.267822,472.34644,76.25058,504.57935
25.114277,530.6079,51.12781,563.41895
124.98655,24.575079,149.58499,60.403526
89.981384,623.63196,114.309235,639.9203
57.299423,572.0032,80.82024,604.48706
0.0,377.36072,11.286246,410.45514
