16.824406,282.38544,40.776985,315.92242
20.991714,171.05109,46.287506,205.83432
108.49226,299.89978,137.12334,341.9912
116.61696,155.14241,141.92247,189.27885
91.21065,592.81775,114.80118,624.1467
47.968628,360.42078,70.32489,392.10608
80.808136,413.4286,104.09305,445.27368
56.175728,125.43988,79.173195,165.68488
25.010946,493.12177,47.878197,525.0034
116.001175,440.34634,140.54466,473.00015
88.90289,46.686684,111.84302,84.478905
53.27406,491.55377,78.13542,522.6399
60.831867,612.0386,84.29552,639.78467
0.0,319.77615,13.886701,385.36978
28.877293,595.7333,55.97745,629.4984
49.407936,7.734001,83.80604,50.399307
