71.793015,498.1856,98.33449,530.4943
0.0,442.30853,15.8733225,476.2751
50.992287,381.15057,73.95161,411.1336
79.024956,345.47604,103.627205,379.1542
59.371025,593.5891,81.30064,622.46704
115.21864,442.48804,139.22876,472.03296
112.71112,315.1725,136.14203,351.9298
52.024826,232.44879,75.19006,265.2263
52.29225,148.70462,81.57512,186.06998
0.0,10.458836,21.201336,59.388805
116.764175,129.19662,145.94136,171.22586
30.244247,9.844715,55.89057,46.908863
91.050415,28.996735,116.19705,70.13172
20.694294,155.58572,45.584126,187.91516
124.0157,0.0,148.20293,27.854342
