42.200912,211.5951,73.26262,253.46375
112.20659,208.84915,136.65276,241.97568
82.50801,224.84842,106.70033,260.5942
0.043348312,155.41138,16.57837,187.7547
18.93428,417.1479,40.673004,447.17926
19.417294,306.37378,40.558918,335.4455
116.5605,509.9875,140.44194,542.80316
0.0,579.8349,23.990612,624.1706
1.7292004,11.927547,24.81712,47.27332
49.875313,436.04938,74.23655,468.44843
78.49286,433.2096,106.03262,467.47424
29.921453,132.55756,55.807457,166.01135
120.19523,52.05487,146.94016,93.30681
57.72152,609.34564,84.12264,639.7297
59.883026,20.862572,85.70079,59.71852
29.555986,43.148857,54.868454,74.05848
91.412735,40.298424,115.72856,76.18371
81.375946,605.86084,112.71872,639.17236
