80.6944,234.30695,108.76689,273.10645
116.1005,489.2898,139.91568,520.762
0.23306656,24.594234,22.120882,56.554043
20.885582,411.13153,44.321938,440.58344
46.167625,504.99976,78.84518,548.7145
108.88701,548.96594,147.98528,595.89075
115.178314,367.0307,137.82693,398.83197
25.641983,571.4959,48.49791,604.2225
79.97385,395.217,102.64908,424.6293
43.103134,223.64084,72.402,261.7821
58.79881,618.9757,84.32225,640.0
118.20299,34.956146,147.95213,86.69046
107.79115,185.35803,138.68352,231.31415
89.17619,576.7977,119.06488,608.1935
0.0,402.9813,12.782976,429.66135
28.90233,76.74901,55.14032,113.05095
85.49022,146.57996,111.27573,184.55139
59.120148,59.258842,83.29729,95.784676
