82.04125,321.27478,104.28611,356.15198
47.335686,337.73694,71.85952,371.82495
51.746155,485.90527,75.24519,517.4901
26.83717,122.70829,50.742634,161.34952
113.009,242.77908,136.57599,277.00174
28.213541,570.57764,51.20884,601.03577
22.774517,365.00092,43.321384,395.5633
84.359344,499.61398,110.438065,531.32275
121.32074,571.1894,143.40686,600.01764
57.027523,72.00459,83.03668,108.90393
0.54273796,40.821648,24.052744,77.72002
0.0,568.7665,19.844837,597.922
125.325134,0.0,151.23138,19.840319
31.854706,15.450516,56.869095,53.235374
0.0,293.16083,11.459265,328.95648
