113.78491,299.78717,137.98737,331.28888
114.999084,452.40735,138.7626,484.34937
99.47926,374.7337,125.94702,408.21503
113.482056,178.8151,138.9392,212.80682
83.05789,329.37872,106.34531,359.80585
81.561325,482.16754,108.59691,517.45245
51.848442,381.7276,75.64799,416.86554
0.35025787,42.789703,25.555653,88.717926
50.775627,504.50992,75.30533,534.8954
121.58592,604.73584,148.8286,639.2645
86.85014,568.0647,111.82677,601.39966
0.11103439,257.4588,16.684528,290.1878
81.98862,202.70642,107.02266,236.88248
21.64064,381.00452,47.413765,412.27875
55.655273,54.764862,84.00891,95.16818
126.535614,0.0,151.552,23.530043
0.17045593,523.2919,15.395518,555.42126
28.093697,576.4209,52.39882,606.50024
24.171545,489.43286,46.610634,519.79614
45.01941,284.79968,73.85718,324.38464
0.12935352,444.1682,14.487508,480.3308
20.884262,260.64557,44.844322,295.19305
119.79002,102.96146,142.94353,136.7349
21.759369,142.24225,51.203636,182.59427
52.945717,221.01987,79.60247,256.2596
92.002304,83.731125,114.95764,116.115814
31.111069,0.0,56.485672,21.586237
90.900986,0.1143589,114.73131,30.94676
