80.69509,413.81555,105.16538,449.83655
114.647675,408.97192,140.2869,440.01855
19.763706,301.19806,43.121296,333.76172
19.297283,220.66263,43.33114,255.55481
76.72412,323.3089,102.671234,358.4549
0.23260307,109.29513,16.615803,152.66257
122.10889,86.40311,146.64398,116.08487
0.06570244,43.492317,20.896532,75.19021
85.18643,475.15366,109.92908,509.63675
84.31848,551.709,114.21681,592.25586
53.946136,455.97458,77.2094,488.51126
20.230701,368.07318,47.73863,398.01678
116.20932,474.99756,141.18951,506.68616
0.018220901,528.6456,18.852354,572.4806
54.389053,526.3779,82.00517,565.46533
111.92726,244.09421,138.37279,282.61942
53.427807,211.79369,78.76189,245.74092
20.474552,422.9278,43.160236,451.80646
22.210442,467.74875,49.85839,504.94272
126.923996,0.48296738,151.2415,32.58801
82.582855,198.09785,108.10678,232.7542
0.28956985,591.42737,22.006313,623.65857
115.186264,179.65646,141.78285,217.02927
120.57785,589.0309,145.00409,622.6041
23.561386,121.152725,48.41681,156.47389
23.994762,60.586235,51.506863,99.932365
91.34482,610.2085,116.73494,639.6057
29.712349,608.83936,54.662926,639.9004
28.384758,577.5431,52.47621,607.47766
57.784985,3.635189,84.91206,43.0898
67.742386,57.135395,94.76669,94.72383
0.043480873,447.86755,13.933479,477.2621
31.999279,1.7978058,59.225735,40.96895
0.0,265.62628,11.969152,295.47113
46.46068,366.66846,71.110855,396.64062
0.0,505.08905,15.020372,538.2314
