110.77498,294.80896,138.17085,332.20972
50.569717,315.9109,73.528435,348.59302
0.14533567,440.85712,16.067497,476.65045
0.06830597,535.2519,21.560223,566.4311
79.23273,240.62976,104.7641,276.12177
122.19847,620.79,145.10204,640.0
114.31673,427.3185,137.37216,460.6677
89.52081,575.66736,112.77066,607.9254
123.63437,11.852867,151.17035,51.3132
0.1417427,137.08182,17.305573,180.1464
51.08101,205.64284,75.89688,241.40804
79.12295,375.16428,104.09017,412.01852
33.496033,410.758,76.39459,484.52472
26.52038,489.86426,47.39643,518.5652
23.074617,147.8775,49.79904,183.69202
52.3908,91.454926,80.32891,131.58951
88.95582,74.653885,112.031044,108.69673
27.583288,27.237,54.347664,64.76907
118.94427,130.90317,144.03296,167.96445
55.278076,628.4824,83.361755,639.91113
17.299185,391.49475,55.41526,428.89496
