14.997354,357.62396,42.45385,393.47296
113.98668,307.38623,137.99226,336.98657
49.746483,330.86652,73.92846,364.83368
24.049461,573.6842,50.87532,605.66003
25.199389,495.07373,52.248,529.7251
19.755833,438.68185,42.82579,470.69406
51.48851,429.1077,75.26925,462.57333
59.941887,579.01733,84.71804,609.2446
115.08235,230.22,142.3354,269.8104
19.716316,259.22607,43.042614,293.8628
78.32852,312.66837,106.05174,352.4401
87.980194,536.7323,115.12698,568.432
118.43004,563.39636,142.7972,591.97986
82.27162,420.0758,106.21028,455.5437
116.12591,402.48083,140.15991,435.67566
49.32183,221.92755,76.2396,259.5818
122.40677,51.964928,147.40067,86.296394
122.13193,616.12695,147.70938,640.0
87.37532,491.53613,110.80742,521.29504
19.738503,166.56863,46.951622,208.07333
0.0948534,473.20703,14.164852,512.86304
0.01453495,147.91031,15.532855,183.21921
6.062352,29.41352,35.833256,71.87461
87.0223,92.0096,113.728966,130.4388
36.16407,0.0,60.42762,19.00037
57.518524,71.85239,82.197174,107.213425
117.65484,162.27957,146.25287,199.27115
0.16546631,232.3729,14.246182,265.43967
