15.267053,361.48102,40.912125,395.84955
51.095047,419.5525,74.37099,451.3766
46.284378,298.5201,70.93355,329.20285
0.003627777,525.8998,15.97793,558.34485
80.17804,362.95596,104.91162,398.77518
113.918,359.95383,136.45999,390.81882
26.878004,526.464,50.5083,559.1554
83.39966,234.31131,105.4845,266.2001
114.01102,182.67563,137.20378,214.73602
60.529793,5.8718224,87.72941,45.210373
40.983833,170.83691,78.94553,238.62299
8.8773155,11.987991,56.47649,87.497635
92.8618,0.0,118.84244,20.080753
78.55759,534.30493,109.75758,574.3096
0.0,623.08276,24.996454,639.80664
18.942314,216.54767,45.464577,250.67633
0.10525322,429.11285,10.171429,467.56128
0.10196304,37.639175,15.96928,74.09778
