114.8011,147.92856,139.59012,183.96634
0.0,0.22009277,25.645716,38.5899
57.567585,584.23883,79.98625,616.0588
18.197521,191.47049,42.593685,224.50812
82.83359,290.0892,105.37735,321.4448
112.33121,389.4687,135.82573,421.94025
49.932564,272.92596,71.94673,303.43024
123.5671,568.0348,146.57016,597.3956
75.5031,432.06253,104.50418,469.28433
17.83574,331.78802,40.902985,366.32977
56.000755,149.50629,80.474846,183.46765
128.8252,0.0,154.56525,28.121159
59.292587,8.836037,85.48097,47.954025
0.0,417.1942,12.677402,447.63562
23.783794,471.01877,45.856594,500.5646
2.8699493,632.2705,26.186333,639.91516
28.518003,16.007917,56.281403,50.109848
