78.31216,401.3349,106.36239,439.0053
114.13298,184.34778,139.17336,221.70978
21.597279,477.3503,45.742496,507.58524
47.72722,419.75848,71.7327,451.39764
0.09383392,1.4710464,22.20428,46.018696
75.61321,276.80774,99.77462,312.64917
119.70822,546.5735,142.90723,576.4529
0.020700455,184.31128,17.359186,221.85541
51.919846,207.43915,74.36166,239.3888
47.184074,304.5041,70.13708,335.98822
26.29462,67.07172,51.81844,104.7908
52.140507,589.70276,86.42319,639.57434
85.97829,127.806046,110.932236,162.88615
0.21995735,611.8137,23.5034,639.6079
118.49948,25.319342,146.97516,62.63343
56.86156,94.82631,82.47151,133.92178
0.0,481.75635,14.435413,513.2679
94.96786,627.9519,116.97776,639.94556
30.558239,564.8202,53.772533,596.67883
