25.103367,532.578,50.095806,564.6908
86.29675,507.74115,110.820694,539.6768
50.391663,281.10788,74.19889,317.01627
76.44291,356.8402,101.1914,391.0786
123.56297,29.651293,148.73137,66.84636
0.06412315,548.7554,20.547256,576.81995
0.16313696,152.67824,16.01341,186.19981
93.90523,9.021244,117.48183,47.06092
109.98613,298.98547,133.16365,333.9771
0.8905144,29.328766,23.30937,62.133423
82.59012,264.28094,106.28073,300.02118
19.104656,205.78677,42.535862,240.66464
31.074137,25.590904,55.473686,60.29937
73.57089,60.70558,104.44119,97.736374
51.596237,457.93076,75.07695,489.02646
52.7437,153.86804,80.126755,191.41327
84.371994,159.90736,111.55745,194.89189
3.662693,372.29007,40.749084,405.72287
3.3988037,372.84125,42.615227,442.10883
