120.241714,8.312183,150.64516,49.958763
101.27756,387.77484,127.03815,421.2193
19.12981,193.03033,45.310535,229.05496
35.023933,246.25342,69.72454,292.61133
57.656143,108.46779,79.92607,139.28273
18.019007,493.22968,47.841576,535.16315
17.513168,332.38113,43.839294,372.32828
86.988,67.55816,111.52729,103.33483
55.223244,576.2958,82.3993,612.90173
92.890015,505.6725,133.61282,555.31006
0.13306332,536.42236,15.777535,566.4249
80.27032,185.34593,103.9764,220.16847
78.25259,291.9012,103.603004,326.23654
91.68042,506.00293,133.18015,537.3928
