112.95795,474.36554,139.0072,512.05133
16.465332,315.20636,39.7761,347.9666
50.724495,448.1887,76.75879,483.67776
115.79753,276.9483,138.61884,310.68054
114.477646,380.01608,138.84503,412.1252
82.21501,409.22025,104.80313,439.7985
0.012685776,504.69214,18.931047,535.8135
0.0,88.82107,20.6065,125.449104
21.600769,242.44821,46.760963,275.88376
82.972885,275.61914,106.34062,305.03345
48.888878,284.12628,72.17713,317.20038
90.92935,599.9187,115.70183,633.62744
26.63524,593.7071,54.44818,628.46625
57.516506,547.0309,80.92001,577.8834
26.898348,134.81955,51.03932,171.82925
83.48593,518.7254,108.85028,552.24054
115.37192,146.50511,139.71854,182.40504
118.39813,552.2159,144.3869,586.25165
83.07564,188.0952,107.10335,225.27922
0.15776634,161.95786,15.1515465,204.8013
26.583336,503.99655,48.853775,533.4502
24.206287,425.188,46.76517,455.45923
60.258686,86.58687,83.94862,119.41719
53.89022,171.60895,78.83509,207.43506
97.21585,0.0,120.10295,12.75185
91.664276,86.071655,114.64285,117.386475
125.571075,0.025493622,152.68826,12.645171
