21.350769,446.82642,45.123894,474.65857
79.85695,288.3573,103.18211,318.75818
27.9403,604.9081,53.551704,639.81995
111.09169,364.05023,135.95949,399.7771
49.787895,387.40424,73.984566,418.9643
111.22093,229.87234,139.01575,268.92303
78.88875,381.83127,105.509705,419.04056
0.0,571.5628,19.868374,602.42145
25.533754,115.25455,50.732635,149.03989
102.019806,108.196884,146.94968,164.3997
115.90825,558.94934,141.23,595.42993
56.703945,96.222565,81.69916,130.6767
91.25329,47.831226,116.818855,86.021835
85.03555,110.14111,147.02321,161.71198
85.08629,118.85886,119.533554,159.57758
123.850395,45.709854,148.17609,84.62558
29.751196,33.37165,55.554527,70.449455
84.80669,120.704025,110.7655,158.458
