0.048431396,575.87146,21.104485,605.35583
51.279327,458.9178,74.605446,491.95618
0.13055515,436.26633,15.411215,465.52463
18.724667,321.4436,41.48261,354.80286
115.154335,476.21643,141.52878,511.95386
78.837204,363.29132,107.82028,405.00226
112.110886,294.43634,137.07196,332.15985
24.865044,161.61816,48.205925,192.23859
122.363266,612.3176,145.6717,640.0
84.58243,492.0395,108.69722,524.2575
34.051277,588.0957,59.3695,619.2506
90.591446,0.0,115.80449,19.927082
23.149986,491.7068,46.15287,520.9121
126.236694,0.0,154.45877,23.667637
86.81419,67.62041,114.42102,109.114426
117.8961,109.90162,143.27415,149.25433
54.65812,110.84447,80.15087,147.97362
0.0,321.1314,10.300944,350.3045
