81.68317,433.03247,105.01236,466.46753
81.987335,300.40613,106.49707,331.11218
113.847885,322.61975,139.61208,359.88904
3.1220245,355.617,42.733643,408.4378
84.49071,534.6173,108.21245,567.7062
50.847496,255.37582,74.42698,290.76932
111.31694,507.0196,138.57117,541.7553
78.67403,218.73471,104.32286,255.43948
52.05858,522.12494,78.33661,555.6606
25.365728,564.971,50.088463,595.03046
32.891006,611.80505,57.020172,639.72156
75.81618,366.17078,101.01045,401.59106
47.391716,148.7796,76.74723,187.86792
3.4533348,403.77112,42.43995,460.06934
63.42875,0.0,87.43694,16.510494
92.17883,4.5269623,120.20749,44.463142
48.09388,403.57898,70.96731,433.25183
0.0,613.8908,23.193237,639.8061
121.13412,19.515366,147.91757,56.196083
85.92363,152.83853,110.0237,189.14468
83.536316,106.3528,108.22612,144.08258
116.29294,74.44914,143.6672,117.580246
