0.11809158,556.96387,21.150284,585.0425
18.851555,213.73285,42.865982,248.03119
25.954739,539.11456,49.56525,570.8371
108.406815,307.99533,132.67094,342.75742
49.94526,288.05316,74.25999,323.56818
77.23819,364.06226,102.77248,397.67853
51.920174,464.5849,75.154915,495.1303
8.565987,441.2876,46.500107,490.9867
0.5805664,35.91104,24.285217,69.98123
82.79941,270.1279,106.106445,306.42014
29.405823,33.260323,55.354362,66.563156
91.92999,17.992752,117.331665,53.60475
84.03137,167.23514,110.70743,201.88004
122.891914,37.027596,148.62701,75.80902
86.57881,514.4852,113.4218,547.1107
0.24307442,161.19604,15.178654,192.90417
58.596302,0.0,87.963486,17.329552
6.3623962,380.5959,44.181404,446.03497
53.347786,160.4243,81.27563,196.18971
4.5888367,379.46454,40.6753,408.01044
3.5991821,379.7533,41.16211,419.27484
71.87718,68.367966,99.56859,103.49446
