52.35183,341.70142,75.86149,373.4087
51.11042,444.62756,74.54064,475.80933
113.56175,182.26071,137.52232,215.17203
19.380062,308.31747,43.38743,342.2095
0.009422302,554.60974,19.091404,607.9127
19.758286,215.10083,44.17097,248.42212
21.119005,431.1386,44.316086,462.02972
122.40339,531.6587,146.19446,564.7942
119.177505,82.137665,144.6704,117.1581
83.97029,146.02505,110.46068,181.82333
0.13532257,118.58632,22.65348,161.8951
56.379448,506.37335,79.48475,536.93036
84.72507,516.3458,108.54518,550.33923
109.588715,404.11444,136.63239,438.6126
60.08904,0.24485016,90.22789,41.297302
62.937763,604.4935,88.3499,636.6754
91.370705,5.612934,117.790825,47.21728
27.959103,118.06079,51.139652,151.67535
123.47326,622.03564,145.68372,639.9396
52.738186,164.90521,80.09491,201.34515
