81.75827,242.24933,105.05652,276.77722
122.075584,74.8463,146.58847,113.10414
79.28322,348.28735,106.244644,382.87683
12.446965,347.307,35.94988,377.39453
1.6238403,48.039566,25.753778,81.00731
53.517223,505.1612,77.88374,536.66974
116.00394,582.2145,142.22781,616.6261
86.13131,550.8877,111.27062,585.5337
48.403694,350.28082,71.531685,386.20282
0.0,586.0058,16.531265,615.1115
59.46021,587.0348,82.51666,620.0265
52.861725,190.08337,76.56894,224.14383
19.486845,447.04126,47.938232,485.30847
86.21381,139.86179,110.27657,174.59961
27.208445,580.4022,52.068916,610.91345
0.0,203.84232,13.725002,245.18631
39.38192,0.0,61.56163,10.143797
31.926949,50.14478,55.323616,82.350464
25.587372,153.23763,47.951004,185.02617
21.786314,246.61905,45.80165,277.67227
109.91011,355.9889,134.24384,390.58728
