48.79875,192.90112,73.4787,229.55005
82.76584,408.80853,104.07657,439.89374
18.730244,323.8689,43.963787,358.90442
0.26249695,98.793365,23.676834,138.5776
51.44119,534.4784,80.20627,574.5045
27.760073,101.32422,52.23053,134.02875
82.60495,181.4415,105.440704,215.03836
113.76509,365.44745,135.9771,400.11517
118.86258,507.76422,144.06625,541.20404
88.66559,526.0619,112.33453,556.59924
42.240715,391.45032,70.94512,428.52246
90.04898,44.88617,114.61398,80.69166
27.267769,563.05347,52.268005,594.58545
118.49072,56.450405,142.3671,94.29324
62.77328,12.327255,88.085815,50.522163
0.07613754,557.0409,17.439747,584.4542
0.0,275.51666,12.937637,305.4549
0.0,378.80817,11.765257,411.61932
