119.02728,537.3166,143.51001,567.4025
81.17039,482.45,107.97723,516.863
24.592096,467.82623,47.379677,497.7058
46.88394,227.92462,74.94066,272.62872
111.80556,234.58102,140.27345,274.10947
53.015305,501.36523,76.03673,532.9437
81.32187,292.44373,105.82251,326.68298
0.0,27.272125,21.81948,68.86727
83.92044,398.11676,107.374084,429.30347
52.60205,393.10776,76.50482,422.9249
19.88094,223.39954,43.410778,254.67578
28.683517,46.755817,55.123672,81.35164
0.13071394,164.69846,16.005737,204.02237
89.23505,0.0,120.22467,23.901562
0.0,377.35257,10.134293,409.50565
