114.60092,276.81195,138.88275,312.7221
83.7737,564.17096,113.01555,604.1392
46.71875,371.04413,73.32925,406.53925
22.95366,22.179802,55.236465,79.24065
123.348755,579.124,146.87048,606.0139
78.70735,315.72687,103.317276,345.4937
82.44624,134.97733,110.383484,178.81485
0.0066308975,281.30612,14.6084385,312.8328
31.11126,605.52203,59.27369,639.50507
77.96857,413.48312,105.35545,452.01187
45.092773,511.6762,76.53748,549.02313
112.56506,400.822,137.67267,435.51456
0.24602127,0.00059890747,22.524155,18.036442
24.337547,492.81952,46.563385,525.4422
23.085987,177.34035,49.29981,208.04338
62.974365,34.92775,86.40956,68.179535
50.68831,165.89648,77.54845,205.66492
0.0,186.58733,11.881876,221.6335
