31.568722,623.64685,55.50787,639.8485
111.21915,363.60785,136.2023,398.3463
14.388925,371.0639,36.60666,402.86646
44.612923,307.27643,70.23546,341.76672
78.91316,350.23566,102.897156,386.95233
25.020302,545.21606,47.90516,575.2295
91.80711,0.20832062,119.74138,38.88983
111.45746,251.71643,137.41528,285.36456
53.93013,146.75096,80.41887,182.54735
116.90471,518.9803,143.42747,554.9952
124.98021,0.0,152.11394,18.094158
0.13356304,525.91394,15.804352,557.3268
88.560745,505.29822,111.291794,536.2295
0.28705025,136.17307,16.71718,175.23972
0.0,281.60596,11.309392,311.67395
0.0,433.446,12.153827,463.23068
