0.12975311,504.23538,17.44678,541.3401
77.01436,273.52142,106.01314,311.9898
116.29596,501.17264,144.06534,534.96484
20.21899,485.53375,46.699497,522.5529
26.819542,17.010899,54.44491,55.746525
18.605247,429.03445,42.218365,460.44217
118.235085,554.0748,145.30594,590.04016
62.214653,614.7953,86.0308,639.7235
90.13565,583.01263,116.052826,617.69037
50.33497,344.85535,73.28762,377.26794
16.207863,355.41907,42.715096,388.4237
0.0,35.011658,18.45531,81.667336
0.109478,571.5671,17.343533,602.3897
115.502365,443.81012,140.22643,471.6645
26.55938,525.1467,50.46695,556.5172
111.30066,195.19647,138.82896,239.03244
85.379425,83.72684,110.90207,122.816025
128.03146,36.16606,153.17691,71.4421
111.22804,399.9021,136.1943,431.9336
51.398605,440.68927,74.94951,475.4831
113.18721,301.1936,138.69264,332.2931
84.7785,529.5963,110.405914,563.47424
80.16812,432.18378,105.6366,461.81158
21.056421,296.12775,46.019783,329.09174
84.14136,486.0031,109.50517,517.24945
0.0,450.7112,13.14086,479.09964
79.178955,190.13629,103.716385,226.03006
58.523357,579.05774,80.80632,607.76624
56.79212,52.764694,83.46282,92.92563
49.704124,171.8338,77.743744,211.10678
0.0,193.76761,13.184537,232.10193
78.556366,399.64807,104.45453,435.16418
79.026505,329.06287,104.297226,364.1433
20.363161,237.88545,44.773514,275.14972
21.111526,145.52588,49.42514,180.12814
59.17836,0.0,87.54559,20.839573
