114.64775,211.65671,138.33572,248.32297
15.851075,315.56354,41.7147,349.69733
0.23385048,529.11975,18.026789,567.87646
57.83483,502.18878,80.129616,531.77203
80.45229,477.44092,108.14768,515.5475
13.682908,386.3069,44.4348,428.47437
47.859863,421.13092,74.19154,452.58258
23.029137,486.22144,49.375565,523.9873
81.56421,346.9024,104.93924,377.37494
50.703217,289.30542,73.16449,320.1245
120.328766,534.08435,145.0463,567.09314
0.0049152374,157.62544,16.158974,190.32344
124.45185,608.1118,152.38239,639.8954
111.92003,369.30682,138.48616,406.2771
82.19769,257.00647,104.768555,288.85535
87.636185,570.16223,114.540054,605.2079
125.45944,44.343323,148.43335,78.46666
58.38091,77.148834,79.78105,108.050415
26.21193,558.9492,52.89187,594.656
81.498505,161.39577,107.27002,196.88359
27.511902,26.25602,52.80661,63.44017
0.634161,58.039215,25.204367,90.51346
54.32097,136.24265,81.739716,175.28018
0.0,0.14996338,20.361732,21.39383
0.05840397,248.46805,13.176796,280.59372
22.888128,109.59575,47.033073,143.38216
119.2912,138.67871,142.99448,171.47247
20.672745,226.73907,47.200974,258.5868
49.505707,221.89407,74.34369,255.74515
60.889637,0.12217522,88.51335,31.152143
