26.983736,555.09485,49.412216,585.6395
18.262344,302.97516,40.98877,336.75287
121.393875,587.4812,147.82234,619.98755
17.618896,404.47015,41.879192,438.5567
81.99603,262.6316,104.81369,296.35126
123.89801,0.0,148.15747,19.09745
0.284935,580.6857,22.702682,609.1744
22.957947,492.53088,46.42398,522.792
79.85191,428.81274,105.31065,463.49756
58.731773,569.1919,82.166115,600.6793
47.385666,389.20737,75.07118,427.62515
111.35289,82.74486,139.82024,117.90828
83.02902,559.5416,114.48721,600.86145
108.079895,378.2624,135.31332,412.15253
0.074998856,61.5184,17.93151,99.64505
49.84603,222.56235,74.83483,254.00717
58.01435,47.767937,84.40635,87.13645
12.079132,127.80527,50.12623,204.5021
93.469,16.15086,119.570854,55.902996
