18.479786,322.85168,45.48574,360.79443
115.95679,504.536,138.74445,536.8142
18.410862,242.29285,40.62998,272.56354
48.645927,370.7063,73.89576,406.67554
114.976685,211.36118,138.83163,244.90115
79.40967,283.4994,101.80707,313.42712
0.0,179.08383,15.202198,221.9921
25.590805,526.893,49.419006,558.93317
83.73511,401.6427,106.48123,432.3838
51.98916,235.56812,75.45189,268.0949
28.730946,1.3542786,56.939686,35.641
0.3448906,628.3127,24.169865,639.89825
116.496704,115.80088,144.28265,156.52444
87.9478,50.921276,112.855865,89.9388
80.06709,109.83293,111.996185,150.0023
80.18592,73.62753,112.651115,150.75679
