73.80265,300.3614,102.73835,344.78473
36.99212,0.0,90.361465,44.971004
115.20389,518.4612,143.61404,556.9197
62.836887,616.9325,86.12546,639.79504
51.064133,222.85358,74.38515,258.45084
2.660513,603.93994,29.059334,638.20593
18.496788,321.07004,40.650642,353.988
87.14568,548.3751,112.576454,582.51514
48.955803,461.8382,75.327126,504.40082
119.164116,115.04102,143.0116,150.02698
23.208202,493.61084,46.01827,523.406
85.72308,110.0085,112.18866,151.49138
55.874165,101.15819,80.23912,133.3585
21.493065,148.59082,46.512802,186.60486
98.69362,0.0,121.56287,11.233538
52.436565,0.06920624,90.86607,45.232124
0.0,428.44965,11.154385,461.07367
