15.784058,368.74484,40.39661,401.91763
109.01152,456.3775,139.04097,493.34784
28.676498,77.68466,53.73928,117.563995
51.70845,144.59177,78.13135,181.47824
110.268585,233.82971,137.55003,266.44275
48.864197,272.67932,73.496475,306.71204
88.59079,601.4711,112.61647,635.5335
53.096134,514.96277,75.81232,543.9794
27.8821,581.6162,53.651188,613.3259
84.18227,504.66202,107.6974,536.1476
76.25391,310.57794,106.01651,348.61993
90.923965,12.383877,118.979935,50.44647
0.0,558.3291,21.635784,614.0405
126.35312,0.0,152.16196,12.324452
