106.86905,459.57825,140.67316,508.49872
87.54414,537.67334,111.55664,570.9049
18.51691,170.43704,42.054333,206.33615
0.09672642,479.37878,15.708829,512.7446
85.90933,155.8584,112.76819,191.58115
7.180336,415.48077,47.800117,462.1554
121.87537,29.715477,149.7785,75.894226
54.110855,559.96857,80.475266,597.5008
92.7953,0.12795448,119.6259,31.733263
27.41657,6.734825,55.340355,44.67868
25.903027,83.051254,49.416775,118.78491
52.373856,148.90315,77.9276,186.51067
60.682964,0.02844143,86.121414,7.016034
