115.011826,364.35526,137.67111,397.25827
50.78846,328.05835,75.82278,362.16467
48.222267,473.34937,74.80451,507.0536
20.69067,411.06396,43.090473,442.70142
84.1102,340.0425,106.62004,370.9786
116.739815,515.63556,141.30316,546.2967
83.72362,419.83228,106.61966,452.92297
121.39819,600.7909,147.39862,635.9562
87.05655,579.8,112.79727,612.3111
20.215061,268.12195,45.05189,302.8479
55.915527,542.6157,78.87958,571.61646
114.32999,219.10779,140.90881,258.62668
118.48347,456.2434,142.14648,490.09424
83.00174,195.89677,106.463165,231.00856
0.0,491.47546,14.320091,524.68506
0.4884796,0.0,22.244955,12.716438
0.0,155.8262,17.272446,198.6644
19.23274,184.30295,46.178177,223.07089
118.7863,94.47655,146.37917,135.69922
55.257572,33.775864,82.8288,68.412895
45.338226,396.23834,70.98457,427.8344
86.70569,40.808273,116.71817,81.77893
54.29026,132.08832,82.38506,172.90497
28.293926,33.29532,54.7086,72.54228
