44.827293,326.9391,70.99002,361.64087
111.275345,381.89734,135.99036,416.00018
14.686005,385.456,38.30404,419.75525
78.42186,369.3218,103.29549,405.1805
26.986717,560.8601,48.590675,590.2095
116.50395,539.5467,143.90077,575.0429
0.15311432,541.9879,16.110302,572.911
52.862694,165.2321,79.031685,202.86095
123.402336,0.071762085,152.81842,39.666958
88.96915,521.3146,112.17023,553.0438
111.86191,269.8153,136.6348,305.14514
0.13947296,154.34952,15.747985,193.10342
90.19058,15.44989,118.87781,59.568985
0.0,449.27985,13.19741,479.07098
0.0,296.8105,11.249103,330.89984
