28.389694,80.42958,55.834785,119.14841
113.83873,394.6949,137.17778,426.11627
80.937225,280.7719,104.522064,316.1026
60.348747,37.604286,84.53628,74.66063
0.0,505.15253,20.18819,536.9672
47.409134,259.05902,70.089325,292.62476
86.53264,488.65216,111.58057,521.9958
0.24636936,167.78835,15.384506,200.38554
76.26161,392.5062,103.58501,430.97696
92.185905,14.20656,117.775276,51.758484
115.19278,241.19525,140.00543,272.76605
23.188658,194.12985,47.14708,227.68332
44.64975,430.4311,69.71627,464.54822
59.708725,604.3723,87.54262,639.9325
91.09352,619.7115,115.39842,639.91095
14.286127,564.36584,54.070305,620.11707
