83.33402,247.97519,107.10941,283.36447
59.032516,587.5104,82.26419,617.5023
49.893684,422.2099,72.265854,454.48187
48.388023,268.3703,74.18145,301.99005
82.47803,430.97815,107.85193,463.82312
1.4214554,623.2356,26.096334,639.9177
116.42584,507.31543,140.03586,536.9143
60.09408,8.092739,86.41693,45.063297
25.028187,509.89853,47.0958,540.49963
115.89263,160.3579,140.1247,196.94914
21.295074,297.83978,42.492683,327.41205
29.382294,58.262802,55.433273,97.99568
88.90605,569.1983,111.79704,598.8698
0.16097641,512.9335,16.220387,543.3927
2.664421,0.0,26.878506,12.199367
0.0,221.28146,11.944918,260.56113
