114.43469,133.2456,141.57819,178.37244
80.73716,217.33981,108.72637,258.05017
114.410995,272.64825,138.12581,304.38666
50.25213,281.80817,74.11871,316.08124
116.3752,525.1094,143.29625,560.27734
116.08464,476.08896,142.2559,509.6564
0.18950415,142.54529,16.145002,181.94653
112.81213,332.46188,138.42691,365.8801
88.84086,0.04805565,117.85305,28.961489
20.982872,215.30276,45.445946,250.75266
62.11742,614.1958,86.5132,639.7549
15.5393,308.3388,42.223015,343.13043
18.277496,442.41287,46.33631,477.6769
81.03337,360.69333,104.39345,393.1378
16.778835,386.79852,40.81721,418.67828
82.57966,461.6474,108.22617,494.01233
24.905762,488.68964,47.076668,518.80365
0.17197418,562.53894,21.881645,591.3883
123.736534,612.60876,147.69589,639.9623
1.7831421,622.2267,25.767176,639.9496
20.708542,215.10516,46.05552,280.41357
59.315575,58.513504,85.45536,100.47835
28.904667,594.87256,54.252407,625.1752
89.314354,549.88293,114.44016,586.56604
26.315063,63.795578,49.44854,100.58769
83.451035,110.85764,109.08092,148.12589
48.919662,387.24963,74.28819,421.89966
59.09706,543.97266,81.872665,572.38464
115.9603,429.93756,138.68132,458.11517
111.97012,386.73557,135.96289,419.2988
82.90755,503.38025,109.775894,536.7555
80.66881,299.0152,104.173325,335.05328
59.304356,0.0,87.78787,26.558586
50.730095,179.4403,75.81297,213.61517
21.992165,175.74692,47.464058,208.67462
24.0426,112.60222,49.415237,147.11256
52.89041,506.54492,80.5484,537.5553
0.009809494,211.63,11.947472,246.27612
58.42967,0.02068901,116.71648,29.710264
0.0,457.95892,12.009622,495.4948
0.151968,530.3233,13.9531,560.6235
