0.30815887,596.80994,22.598066,633.8917
119.805115,582.60034,147.29492,617.1184
24.22184,502.54593,48.130074,531.90234
53.27202,423.04443,76.672455,456.23755
25.796036,573.07935,51.475365,606.04517
108.13214,242.62634,137.19048,285.28674
0.0,531.85657,17.673176,561.0431
121.45569,164.09465,146.12146,199.54686
114.97217,315.31885,139.05963,347.31238
118.28551,500.03235,140.67125,527.6588
19.469276,316.43512,43.54901,352.2436
113.16112,375.12256,138.92506,407.9502
81.427925,464.47675,107.73803,497.03473
86.19735,538.0149,111.348274,569.64307
121.116516,79.44226,144.07333,114.01976
112.828674,432.29437,137.06302,463.7182
79.89043,207.25876,106.7016,244.37576
20.021622,425.98495,45.66117,459.2457
79.66101,406.52466,104.22519,440.03027
63.943787,3.61895,87.6521,38.417793
46.969147,269.30032,75.31742,307.45847
48.5774,154.07217,75.41028,192.13385
58.509346,542.96,82.698326,571.554
31.214907,614.55444,53.723404,639.7866
1.789505,0.0027580261,48.33783,62.48318
58.820724,579.24286,81.3416,607.1667
