110.50017,464.24084,139.38857,500.82428
89.06792,21.64724,116.97142,73.21066
51.63359,466.23785,76.092804,498.8427
54.643826,122.25425,79.71506,159.60007
0.069802284,313.01733,15.611347,347.25586
10.71949,195.9469,46.688324,252.41095
21.468315,415.80304,44.932396,448.46698
33.64708,0.0,57.85411,16.165693
88.89806,536.68445,110.48777,567.619
46.60945,374.35422,73.583176,409.05484
123.76062,0.7170143,150.75555,33.702106
81.15617,295.32062,104.5453,328.69727
0.2388897,167.32751,16.474447,199.87488
109.7498,255.17697,136.26277,289.40683
52.043907,220.56482,75.87043,252.6297
0.2815113,564.72034,23.329042,593.954
115.281296,167.57288,139.26588,201.97528
57.717422,570.4037,80.32109,601.51697
5.461769,584.74365,54.224106,639.5574
61.056458,10.800156,87.328766,50.930786
92.59102,627.3391,118.68913,639.93066
84.72641,164.61838,108.436646,198.5834
