49.963486,346.10913,71.98352,376.74683
81.84689,461.28442,106.40021,497.80652
76.86955,347.26276,99.813126,377.95038
112.249725,387.29132,135.76501,422.07355
54.832016,508.36847,78.61105,538.22614
25.279675,498.0614,46.894466,525.43414
0.05727005,547.9324,20.88858,579.3667
48.42218,252.40897,74.080376,290.79263
118.20555,506.7807,141.69206,536.4621
19.685501,331.34857,43.121666,363.86725
85.4807,550.45715,109.15509,583.8209
70.05586,192.96405,109.48512,251.82776
19.179386,144.58658,50.140896,193.32986
0.5490818,5.3150253,26.873508,33.961563
0.0,73.00543,22.46431,91.19171
34.88923,0.0,55.383583,7.1119404
0.25744247,1.9806061,26.67212,86.08573
