48.42621,356.0296,71.56627,387.57697
81.42856,331.51956,106.23416,364.33762
113.452194,232.21982,138.21733,265.78152
57.89463,545.4785,79.30448,576.3616
117.40451,518.9227,143.41681,550.9144
20.167982,445.5064,43.85048,479.5675
94.99881,27.434565,118.12021,62.602135
54.7443,437.50818,76.3688,467.08966
22.675152,269.0544,46.359478,301.62595
0.0,492.79865,14.457941,524.5711
31.046173,626.2809,58.92682,639.704
126.33583,0.0,152.07594,10.857065
0.38717842,625.1897,27.217676,639.8657
123.77435,617.5348,148.31293,640.0
21.374535,12.069817,49.745537,51.11444
