113.876465,359.32227,136.99895,394.87817
18.558666,348.1742,41.027866,378.9325
0.11663914,280.6316,15.234164,312.07886
0.11145973,501.22693,16.508492,532.9342
0.16411972,616.72217,23.229939,639.7085
79.78284,339.46558,102.83664,371.4856
17.957634,424.17233,43.51565,457.34225
22.208439,243.69804,45.718426,279.77008
120.38192,542.28235,143.89511,572.2001
84.38776,151.28276,108.48172,188.3592
59.90059,621.95605,82.98401,639.99536
0.036668777,79.22575,22.244907,118.00728
52.068596,323.91492,74.82228,353.46033
81.73868,239.69928,104.86502,272.3421
51.6587,395.97046,74.12447,425.23303
0.07030487,368.98203,13.385923,401.3981
53.04419,476.02704,76.08545,507.09125
119.24833,69.12442,144.1807,105.394
78.38989,451.47662,109.09207,494.37372
86.428955,18.155117,112.75897,54.138683
22.64698,507.83612,45.299217,535.988
119.77192,126.93175,146.04517,162.72166
121.46547,617.5451,147.72023,639.8787
29.138191,556.8573,54.165268,588.38367
58.370502,61.577374,83.8766,99.40535
26.55837,72.371506,55.099037,107.56375
0.51353073,0.0,27.569729,22.439713
