57.927235,544.2826,79.57796,572.8351
0.083782196,97.707565,21.013697,130.13858
118.70021,570.2477,142.09361,600.9131
50.25692,388.63605,72.71781,421.72284
19.033684,296.94635,42.664825,325.5904
47.060158,230.59857,72.02042,264.54825
83.1436,205.74394,106.81123,237.67921
21.147608,443.1831,45.042305,474.9784
109.63391,330.58856,132.66498,365.24603
83.559235,346.0378,106.54364,376.8293
0.0,0.0,19.506685,32.525852
32.795876,2.7317886,58.28424,38.180405
114.91727,229.79132,137.7388,262.08527
22.216965,199.57764,45.508583,230.20935
24.601358,142.96475,47.9607,176.0257
57.508778,93.788864,80.04768,128.12595
81.593094,155.36057,105.21707,187.2208
0.0,171.67331,11.623908,205.80347
110.94037,154.07498,136.27254,185.99783
88.227234,31.972511,116.55238,68.98305
122.63986,70.87096,146.525,108.75484
24.65216,60.60974,50.058273,95.447464
125.84511,38.56376,150.20616,73.49726
