82.08357,448.14124,106.61372,484.73804
19.437954,279.46112,42.086487,311.34546
19.533043,194.71732,42.26039,229.54837
81.74846,218.90125,107.44133,253.93033
119.904724,504.7379,143.28189,536.2528
20.113575,4.8272743,55.88045,53.25399
112.583984,146.81567,139.0383,181.13144
18.52053,349.422,41.86015,381.77625
0.20887947,620.7963,26.668278,639.7879
89.83098,599.92084,113.963165,632.4677
50.618904,432.72375,74.306404,464.15814
50.817642,319.77313,74.39902,354.32513
79.599396,332.1275,106.235535,373.87598
111.06801,323.4768,137.9091,357.46118
24.995934,109.66902,48.654907,147.16222
0.0,527.83105,14.907327,565.95264
25.883934,453.22565,48.108093,480.45465
49.739937,186.8494,76.99595,228.79459
89.38162,51.605923,113.57376,87.21097
57.198112,55.940506,82.8556,89.59
0.0,416.2011,12.260675,447.85773
