113.05542,164.36345,140.2951,204.25084
0.0,468.32074,15.308494,503.90173
83.002045,200.84189,105.97446,232.60776
27.230724,560.6842,50.26369,592.45276
89.14972,73.02726,113.07132,110.98017
19.927036,430.1027,42.71698,460.64822
50.59545,401.9643,73.62867,432.9095
106.78262,387.13455,135.11429,427.38297
84.874886,571.4533,111.47669,607.43634
47.298172,257.34097,72.21976,292.00974
119.47375,0.1897583,149.96582,43.84662
80.330864,351.29517,103.11111,384.58057
0.06565189,297.1463,13.145565,337.54303
