16.87283,306.62598,39.671444,339.47687
0.37230873,617.6806,25.325428,639.68256
0.0,482.72272,18.954279,518.7935
90.91021,179.55203,116.195076,216.19357
50.615723,459.35934,74.728516,491.9343
50.550514,330.31067,74.877266,363.2475
112.43437,263.32578,136.98323,301.01065
50.742928,175.76227,73.775734,208.82178
116.07462,502.16345,141.2313,538.20935
20.088717,196.56706,44.073364,229.21281
0.0,77.224045,19.062931,115.39635
20.081295,414.479,43.86856,448.31482
114.84958,51.970047,141.28354,87.34805
25.926918,531.32605,47.735672,560.78723
28.049416,43.243927,54.523216,79.15703
95.58115,0.0,119.18399,20.118107
