18.370327,339.17865,39.816532,369.18475
80.750305,253.94347,104.282104,291.67993
22.905077,186.15671,47.39113,219.86856
49.972275,327.90094,73.195465,361.66437
24.837778,539.96387,50.831123,572.452
112.27464,336.2535,135.24873,368.10873
52.406586,470.07056,76.76492,501.3214
0.0,506.93314,17.298021,544.83813
26.849602,56.654152,52.652718,94.56228
56.820465,10.104706,85.65982,50.447777
95.481964,27.355309,119.4939,63.509895
120.78786,91.13133,144.96486,124.94302
114.683655,515.0044,140.54579,546.7698
87.669586,539.4441,111.00432,568.6074
123.382225,630.7395,148.48886,639.969
