113.51492,484.02875,139.21786,522.3056
91.5186,610.89734,116.58031,639.8679
51.27076,460.09448,76.65892,495.88806
81.88135,422.31506,105.76416,452.35107
115.323685,391.8826,138.7545,424.08206
16.371117,327.52267,39.436237,360.7098
0.05015564,515.6447,19.142216,546.73895
57.959053,558.0106,82.0855,588.468
48.569534,297.56625,71.801254,330.4487
119.07199,560.9775,143.85632,595.65826
115.366684,290.39062,138.51984,323.18555
26.755041,512.9114,49.977516,543.7178
84.58585,528.6019,110.26954,562.8058
26.075544,147.41534,50.970764,185.94849
27.73272,602.7788,54.741486,638.53296
114.86049,160.0271,138.41553,196.23303
24.076942,436.1233,47.98581,467.29657
0.14982414,101.881546,18.563707,138.22794
53.851585,184.32922,78.148735,219.55487
59.253326,99.81758,83.366714,132.62718
19.852242,256.24353,45.089912,289.3717
82.100784,202.74777,106.59294,240.2761
82.799576,290.5136,106.52098,318.35657
93.37592,0.0,121.10656,25.357388
121.81558,0.054244995,152.86905,28.586134
0.26552486,175.44685,15.0325775,217.24336
