79.246574,438.0714,107.884865,476.40283
75.975494,330.04083,101.48595,363.9389
0.020429611,557.83356,19.2903,597.769
114.36842,299.00043,137.28587,331.1065
19.874695,275.1988,42.42235,307.86176
123.92319,1.1727066,149.35977,39.72539
47.121834,298.29834,71.848015,333.30872
116.0555,384.24194,139.02495,418.0741
0.045578957,144.8512,15.609336,194.93738
119.53417,596.28955,147.30365,636.6997
88.13597,549.80286,112.44762,584.423
19.150581,428.04376,45.065872,460.7658
90.015076,617.0832,114.923065,639.8809
77.36464,285.8033,102.117386,319.6542
50.601646,442.87332,74.22309,475.25925
110.53235,179.83418,139.9447,219.02495
83.34415,497.14764,110.115524,532.39276
0.013072014,322.3827,15.90069,411.05432
50.05838,360.7434,74.29632,407.4613
83.53078,184.92743,108.314224,216.4123
0.0,491.18732,13.834082,524.8748
48.470535,360.6203,74.12405,431.08746
82.7952,123.548996,108.64755,161.91496
53.641,130.62589,77.207085,167.51352
