18.189182,236.82968,42.415207,273.42108
110.434494,254.1961,139.26582,296.8969
51.44474,264.3401,74.244576,295.87683
79.45462,234.80304,105.315216,270.0106
115.35838,457.64545,138.54689,488.7364
82.28461,375.41818,105.98399,405.40347
116.61771,118.824905,143.48499,156.94667
35.7379,374.17883,73.10564,428.66467
56.688652,500.83197,81.72314,535.27826
18.04507,161.17155,43.84502,199.09941
90.226944,27.841997,116.65578,68.31674
50.38875,189.34256,74.68385,224.41116
82.7549,465.28625,107.25853,497.42615
0.12592697,557.19653,16.80403,591.6028
22.485756,510.39258,50.532402,549.1227
29.87433,346.45187,51.848175,377.1041
56.755573,569.4967,84.082016,606.8893
125.90685,0.07217026,149.66974,16.487793
83.84129,532.27673,110.88292,568.6078
61.9616,0.0,88.6271,16.100763
3.9314709,600.5637,31.372534,636.23
0.04219055,94.77646,14.019923,128.80374
54.363544,92.534775,80.932785,128.6126
24.333826,87.18581,49.775063,120.93704
