122.14007,65.40314,146.61292,99.912125
83.91507,567.4315,112.81299,601.52454
19.61636,344.8188,42.676575,377.48517
89.70836,73.90074,112.481,106.31468
0.272892,414.8286,23.350912,454.25818
114.98541,491.96082,139.09798,523.9061
115.2081,186.96674,139.45963,219.21204
78.896324,276.0706,103.76159,308.96268
50.31717,360.7671,73.201584,392.50195
46.34021,272.95087,70.67139,303.8802
112.07388,318.26324,134.81302,353.6773
52.725235,562.75696,79.40152,593.8722
25.32721,552.9824,48.452667,584.0691
1.5365524,148.6965,44.51702,228.53983
18.565994,155.44064,45.22864,225.12448
