78.25993,413.79663,101.935455,446.99646
115.64827,500.01807,142.32954,539.6876
77.26319,288.20044,100.45602,319.05664
112.65918,383.69553,135.93121,416.41635
45.705124,431.8748,71.8633,464.20688
0.0076293945,122.81554,17.319122,158.73573
88.66466,506.56287,111.384995,538.8821
52.649628,211.41086,75.684586,244.3764
84.12919,167.81229,111.715614,204.58908
111.888565,234.47165,138.351,270.02042
91.617195,0.14552307,120.63619,37.816414
0.18608856,18.691368,23.974129,62.23326
81.586296,237.0415,106.98843,271.4204
55.789692,582.07104,80.110886,611.8579
22.158152,147.55252,48.532722,186.94711
116.2416,109.23254,142.98312,147.01794
32.923405,0.14260864,56.80221,26.946201
58.818256,27.252731,84.93025,65.20813
86.39046,102.21512,111.774445,138.09036
