0.0,475.34344,17.539127,509.80743
0.31043243,0.05382538,22.773289,42.84768
18.406734,410.877,41.68501,442.867
17.098118,249.89746,42.417953,283.80823
20.843632,467.51373,45.14239,497.63495
89.54687,608.82245,116.83587,639.5195
115.730774,130.8686,144.74625,169.36296
115.930374,260.97852,140.02147,293.46997
46.997322,281.98828,73.73993,317.3557
120.45645,521.6244,144.34909,551.4276
24.80291,549.99084,47.4759,582.2811
116.28801,196.00433,140.04158,227.74503
123.49497,49.820198,149.5889,89.96787
76.03922,313.5572,100.35421,347.26642
51.26539,183.4711,74.608154,214.03204
108.42731,416.35388,137.61096,454.7013
78.33757,238.48325,103.97505,275.08023
0.21131897,151.19644,27.937962,242.41238
86.80121,500.6648,110.65662,531.6056
77.43016,365.87878,106.31947,403.5
90.92029,0.0,113.92062,20.024145
86.07478,558.1632,111.76872,593.08215
0.09618759,70.94919,17.18887,108.8999
83.09755,150.99707,106.91232,183.04669
57.595337,563.334,81.01178,595.667
30.22134,628.3136,54.03097,639.89294
53.493904,492.11725,78.81493,525.5529
47.77018,240.02344,72.61119,274.92053
53.345898,106.985,78.936966,144.33904
23.649414,111.967865,49.72641,146.60788
89.248116,40.30066,114.62644,77.56975
54.23354,437.0335,79.30861,468.82294
78.703384,189.94727,104.42058,223.4425
27.952911,35.277542,84.07762,77.4614
