29.313324,615.7479,53.06076,639.8446
18.466015,435.83246,41.80554,468.71136
53.770355,511.13812,77.68309,545.2851
47.82876,389.24332,71.09012,423.51242
115.30954,425.39166,139.74097,457.5539
0.33920288,19.969767,22.855663,56.82717
83.69151,62.89427,112.228226,99.7072
48.314606,305.05286,70.989655,338.85132
81.24769,316.67987,103.03678,348.54413
113.326126,286.69113,137.21584,316.40402
84.57073,564.19775,111.24891,598.82007
83.39426,174.42242,108.77396,212.4696
21.955353,187.58223,48.802223,224.59392
46.135742,176.4769,75.319046,223.42355
0.02230835,179.42871,10.660234,215.79059
