53.73866,333.04337,76.34053,363.3707
108.92259,394.9079,135.70908,428.91302
19.00016,299.23996,44.90754,332.84494
0.023952484,550.16504,18.761223,598.78516
20.641481,422.82022,43.88954,453.96744
121.61983,523.79956,144.02779,557.0497
20.161722,204.38153,44.4114,238.98895
50.77385,437.0737,74.16005,468.03696
56.94715,499.82867,79.63749,530.0279
83.03006,507.44537,108.13754,540.24384
0.39323235,108.292595,27.095623,149.2024
113.77281,170.51544,139.20467,205.4154
88.32736,0.0,116.88443,37.907745
123.25581,613.1197,146.60106,639.7769
121.00759,70.57373,145.16043,107.5663
62.939568,596.72546,87.74674,626.098
60.381897,0.10609436,89.95537,32.02694
28.412905,108.77934,52.25078,141.44707
84.19592,136.58237,110.5397,172.82822
53.30385,156.26564,79.04851,191.26332
60.460102,0.034843445,116.896225,38.06183
