1.1878071,609.34106,27.567867,639.886
76.03348,379.56323,106.19151,426.0172
47.300827,221.26828,72.91358,259.66336
17.779593,501.1142,50.89187,553.26447
51.16239,428.90082,74.42108,463.46893
112.53578,221.6843,136.59296,259.24942
19.268742,285.91974,40.381317,315.502
48.46134,332.62952,72.300285,370.573
94.49289,0.073158264,118.065796,29.465109
90.80505,611.5533,114.39636,639.707
110.46326,378.57977,136.07803,409.6999
116.27107,527.4865,140.23766,559.4642
81.19906,145.728,110.52236,194.2208
57.72667,528.72766,80.48248,558.07263
84.26729,506.58838,108.097275,537.3429
56.673737,99.83197,81.705826,137.54387
0.010065079,270.86118,14.240889,307.36917
120.29494,598.60876,144.95525,629.53796
35.037117,0.0,58.054863,18.245413
0.09588337,451.3901,14.328433,483.15445
20.057959,133.24564,52.00164,179.46811
61.543457,0.0,86.541214,24.716806
