27.346542,553.6791,50.62593,585.8014
0.10914087,184.74063,15.974062,215.50977
110.179474,417.46646,134.8156,451.73312
43.86409,347.42035,68.371994,379.58002
54.59897,527.2002,78.7278,559.2549
19.316738,379.93683,42.627743,407.94916
89.06781,457.69348,111.02847,488.22705
125.21738,4.295067,151.52048,42.47905
79.68895,296.43445,103.8224,327.9939
110.94701,179.43903,136.51811,212.9809
20.172466,275.583,43.004803,304.74756
87.051544,72.62175,110.552704,109.57887
113.33319,290.8991,136.59224,319.75104
51.239006,214.39578,73.85471,246.0881
27.636856,0.0,56.620567,29.614773
83.186035,123.056366,110.4982,157.45425
76.61557,246.00705,103.01453,278.6943
31.239746,50.664757,56.307297,86.332924
23.68538,117.977974,47.1131,151.65796
0.0,74.62314,16.375597,111.565765
54.83008,104.54262,80.630875,140.99638
20.980173,216.32828,47.200523,249.01367
0.0,409.44342,10.843927,436.13666
121.88363,67.31889,146.90726,107.87462
117.77605,121.15128,143.05153,154.75143
61.165306,20.781925,84.711174,54.393597
