26.583437,100.81738,50.82306,136.74312
79.61513,404.33322,106.80937,441.20248
65.86574,296.33704,95.74831,336.93054
16.457485,291.51956,39.012287,321.1768
45.6698,249.30496,71.550476,287.3843
85.73781,593.58716,115.32732,634.0962
81.70569,193.82903,104.25496,227.73341
108.90375,305.614,131.09511,336.1079
119.34119,131.1312,142.57568,166.72345
0.047369003,47.495598,23.791239,111.23194
124.04233,41.70555,149.15775,78.10878
56.131485,510.0672,79.36003,540.95013
17.42821,482.12988,48.308563,529.71484
0.0,199.3606,13.62086,231.99103
28.097626,600.4042,54.974724,632.9437
81.08711,3.7367172,104.67615,40.51911
88.43111,71.44708,112.38277,107.38254
0.0,360.2838,10.071084,388.16357
0.0,490.56024,11.806345,524.1631
