76.02934,323.7789,99.947235,358.95578
81.80653,506.434,106.4778,536.9706
0.24462128,20.79384,21.574074,63.588837
76.922134,217.2221,105.328156,254.76447
48.40947,242.20023,72.185646,273.79715
120.71891,588.1382,144.79398,620.62354
58.153122,3.1015549,87.51471,47.876152
43.310287,380.0094,68.09509,414.05927
19.789494,315.6717,43.350082,347.2021
0.0,552.4995,18.824482,585.5242
115.59288,475.95837,140.39122,507.7732
123.28225,65.94528,147.90573,101.87369
116.41165,156.34175,141.58755,190.88222
91.62717,76.36504,114.671265,109.39927
76.559555,432.7524,104.000626,466.88144
28.347294,80.06013,52.764202,116.17506
20.024418,219.50812,43.770267,252.22458
0.01401329,158.77515,17.07036,196.57733
102.49574,311.97665,137.29132,351.5945
0.0,419.74503,14.104816,451.4072
56.442554,106.35327,81.882614,145.23676
112.21965,315.24643,137.63245,351.1954
26.379862,540.372,53.771797,573.09186
11.961105,459.8042,46.739647,500.04285
51.76233,459.56598,75.31417,493.3239
54.942062,539.5155,81.17621,572.15076
91.47201,623.93896,113.90295,639.9862
0.0,482.31836,19.090942,514.9515
127.70297,0.0,145.98691,5.6077056
