46.78662,239.28363,71.452576,276.5949
114.280685,563.1037,137.82217,595.6246
82.19905,421.70288,107.85164,456.02893
111.31447,315.13998,134.17462,348.4979
78.89993,283.13837,102.21875,313.40363
51.22782,459.30066,73.4449,488.50012
24.549234,542.766,49.750923,572.83215
92.65083,0.0,117.20772,24.246857
25.960327,79.85077,50.956978,116.92877
113.766266,506.88696,138.77032,540.1411
0.0,562.7539,19.809753,591.5405
17.736687,230.78055,41.427628,264.98074
113.69882,181.20648,136.34961,217.64496
57.89167,565.4757,81.65879,597.0792
86.65828,160.22849,111.74106,194.13083
79.03103,530.0991,108.92242,569.3701
63.64026,370.31494,85.408295,396.96515
90.53323,63.99052,115.1514,99.53862
33.01844,0.0,56.5828,12.370904
128.23422,0.0,149.57065,7.0604725
