75.57559,283.96478,104.38876,323.16705
46.12095,411.29736,72.439674,442.51575
18.950657,234.04016,45.784412,273.65973
82.15956,168.83844,108.85286,211.58136
30.452469,606.4535,54.35517,636.53894
50.71988,534.01294,81.248505,579.1144
89.36617,584.2853,113.01426,614.9811
112.80122,338.58282,136.62634,370.65033
0.09402275,539.94604,21.867956,568.6509
128.30298,0.024829865,152.9433,23.463615
23.577534,380.12628,47.131084,412.12726
26.699158,37.697433,52.9337,77.77489
93.54263,19.481972,118.487015,54.477287
20.496138,157.82632,44.99321,191.3103
52.85453,160.69012,75.84109,193.94598
60.34794,20.532887,86.68528,55.233753
0.0,328.9934,14.534472,404.1289
