53.08597,522.10876,77.462555,553.86426
80.956825,363.25763,104.948265,397.77863
87.199005,537.6863,111.7462,570.10205
21.18977,403.60165,43.207653,433.7858
123.11088,17.853584,149.37973,61.087738
25.5387,160.46574,50.400974,197.56331
112.25624,286.22675,136.08884,321.4466
47.474373,377.10138,72.0613,410.27496
123.09877,605.43787,146.50941,637.5188
29.33046,603.2534,54.19316,634.2063
0.27557564,77.54417,21.303652,115.68334
29.329979,50.56996,54.92063,87.85538
0.056957245,332.3565,13.043013,368.78363
54.354996,108.75499,80.502075,146.16689
0.14913177,598.6069,22.692062,629.4605
