57.856785,0.35038757,82.33057,37.029686
85.13397,532.80457,110.170074,568.1864
17.320583,361.82413,41.21217,395.1232
21.661354,480.78143,45.0074,512.4194
19.230003,267.4146,42.55181,298.48102
81.90292,358.2778,104.288055,391.23312
112.60829,161.66124,136.24426,199.32036
20.154034,166.74313,44.60861,199.46414
59.967888,599.46643,85.170845,632.46594
115.59349,413.2922,141.8344,445.99814
112.205505,279.2832,135.95128,314.65808
92.79648,0.114479065,118.64673,31.100742
124.78926,7.31847,150.25224,43.35023
43.950027,318.91687,71.8192,354.9375
80.750534,177.9476,106.51637,212.6802
0.0,505.7713,13.836848,533.3724
0.0,226.43808,11.968819,268.47437
52.82806,187.22066,80.31824,220.91118
31.66853,628.5981,53.878246,639.95355
124.12871,630.323,146.8159,639.9182
