50.1476,205.07248,74.44057,244.20743
56.48083,29.239418,81.95044,69.53836
83.56837,472.56818,107.80169,506.627
19.084824,392.08884,43.717117,427.593
111.89029,427.79105,138.43973,464.84604
50.178192,367.3639,72.512505,397.5487
82.609314,354.60706,107.25354,389.72314
0.0,435.5691,14.786362,468.55017
86.54661,93.33078,112.334236,132.31607
62.90179,571.3602,84.2695,602.5753
21.094501,155.16382,45.048176,189.4107
12.091362,556.27954,56.736168,632.9785
118.951324,603.48346,143.99454,635.97345
0.0,236.42477,13.428403,271.18344
0.42699432,596.68414,26.880829,638.1789
