17.33545,348.3203,41.017967,379.80554
0.1699009,0.53657913,21.356777,34.28772
105.885925,397.2204,128.98584,428.83124
122.60894,570.0035,144.30725,600.0916
79.71574,332.211,103.17753,366.16248
90.23418,583.06366,115.18526,614.7724
0.1238327,457.34656,16.665073,486.00543
0.1924038,117.089935,16.905478,154.02652
59.414284,553.817,80.92921,582.4254
48.942215,344.80182,71.67299,374.29572
77.60391,372.33698,104.956726,405.0382
22.430239,276.52963,45.347275,308.84598
84.558975,524.04736,107.74571,553.1909
53.524773,38.45732,81.88796,75.01607
110.40729,267.77673,133.86374,299.3789
0.0,189.42305,15.479673,222.20735
31.261696,8.361267,56.776855,43.33566
50.669884,439.05463,74.53908,472.50897
90.65791,0.0,118.88643,19.793785
122.78311,70.80204,147.92587,106.83045
20.16821,173.37413,47.04742,215.20787
116.754326,165.95435,141.0636,198.612
52.653305,187.14053,79.211334,221.7916
125.23277,12.576946,151.34355,50.598644
85.94414,128.85968,111.88243,167.00293
20.477325,444.93884,44.6352,473.62793
25.338581,500.22256,47.307247,527.85535
80.617905,211.47824,105.85141,246.31418
0.07394409,528.3716,13.302298,559.81714
