18.350346,402.36343,42.377796,436.23026
111.99248,467.37595,141.60872,508.71677
14.009563,329.4523,41.092514,366.4017
113.378525,185.97876,137.94856,221.06708
120.26228,26.913168,147.81752,65.05163
108.87326,313.79773,133.89554,350.0415
83.11655,197.33551,107.392426,232.34634
51.07225,392.2945,74.0122,423.062
25.378698,134.20279,48.228798,167.94174
53.308983,169.41565,79.5156,205.48572
77.778275,259.95062,105.858765,295.4651
84.559586,146.52504,108.79918,180.19872
89.495026,529.478,111.58768,559.145
48.11061,259.7973,73.152596,295.117
0.197052,578.76025,22.267883,607.5917
0.2405119,102.69325,14.999826,139.9408
59.19162,77.97337,84.799576,114.51668
33.6389,502.00488,78.81595,554.57666
78.58011,380.66028,106.21335,415.50476
16.75108,262.53787,41.60285,295.35965
92.906845,45.145515,117.11473,82.46174
26.951717,49.51288,50.89526,85.21184
90.46654,619.91846,116.20862,639.94165
0.082359314,485.11963,14.495848,513.4398
44.572044,329.32874,69.5783,363.23785
62.791847,619.1461,85.26043,639.97375
