50.51139,424.8457,72.38599,456.7213
18.118217,359.4573,40.567486,389.14914
120.594055,524.8314,143.91812,555.8779
77.61683,369.28827,104.0191,404.72955
61.89335,1.1659203,86.15641,40.998577
18.634266,244.37997,43.73,282.2441
24.12247,124.11246,50.75321,164.59833
51.85935,243.47179,76.22003,278.45923
88.366745,559.16003,110.747696,589.3717
21.373463,543.8745,48.92841,578.84595
0.0,480.96637,15.034496,523.76276
115.54021,359.82678,138.57498,388.45618
123.41518,598.225,146.33015,632.7875
53.467793,168.15578,76.578354,201.52385
111.133514,266.9409,135.7458,299.66635
116.40782,175.486,143.34187,211.6377
121.08023,100.048706,144.17123,139.24194
75.85995,288.70312,100.15951,321.09686
88.30922,56.787888,112.28238,95.31003
81.76605,125.754105,109.35657,164.6349
