82.20359,257.92365,106.710106,296.2506
114.15823,479.3803,138.07268,512.3601
49.77185,236.22113,74.713104,271.26843
113.43611,173.51282,139.74464,209.79327
26.834322,540.6737,50.918472,572.1332
0.0,543.2013,18.948298,571.1068
81.68262,478.61078,104.5802,508.48956
121.34676,0.0,149.87881,22.030643
52.119972,451.52905,74.30958,481.1516
109.53894,357.81183,132.87589,391.211
47.510216,357.65356,69.75629,389.7387
91.48654,606.7587,117.53943,640.0
87.94481,49.88318,114.52522,87.40619
55.17651,65.456436,80.891266,104.303604
24.830631,84.361725,48.27303,120.33247
22.681349,411.61584,45.638397,441.15247
0.005648613,460.29504,14.515062,493.35217
54.73017,628.5698,81.59936,639.8456
