30.194855,586.77405,54.625473,618.2223
91.39206,603.06964,116.94537,638.8317
51.882942,341.72366,75.87751,374.2065
0.19752312,382.02634,22.648956,410.61618
83.9008,424.51984,107.16148,460.33826
0.14339256,68.31312,20.463646,106.30079
82.7182,220.46582,106.50638,256.75165
49.988907,428.26843,74.32672,460.40002
105.43315,331.1158,129.39233,364.91745
118.10144,142.353,141.52817,180.51736
2.5601788,618.67316,26.328983,639.9367
19.639572,167.17722,49.512283,205.47336
18.35188,332.56964,43.027794,364.47443
18.750648,433.44232,42.767807,465.4469
55.918964,88.91112,79.50261,125.6353
125.1058,4.6872025,152.29398,44.44158
0.0,209.02039,14.052026,260.8282
88.0383,511.56403,111.58252,543.8819
123.30066,623.7963,145.64249,640.0
