41.186913,266.0121,69.76499,308.51733
19.732433,348.855,43.44514,381.39047
3.1428738,613.351,28.230825,640.0
18.630508,428.46454,46.46305,463.45
27.200872,522.64856,50.732277,553.76917
80.525604,181.75137,106.604095,229.0123
105.86313,354.4527,134.49136,393.35773
86.96222,531.45667,111.59921,564.3336
64.60274,0.0,87.74428,10.308802
25.055609,133.60855,47.937508,167.98434
119.14615,581.36096,142.94559,614.1776
108.7849,221.48874,135.98894,257.51324
90.54595,69.423965,114.88532,107.14696
0.41462708,0.0,26.743755,21.470806
19.589554,205.18442,46.670998,243.7056
0.092959404,299.30005,13.739104,331.0951
50.045227,421.35403,73.75282,455.20163
0.0,458.97357,13.091246,491.1989
63.377365,478.37274,91.55998,511.36823
26.538696,0.09098053,56.75435,39.198143
