82.20003,408.68713,104.99507,443.59424
19.161057,217.95428,44.322605,253.46344
114.55536,154.15701,138.02357,192.93594
108.9825,434.85657,136.57195,469.864
121.84184,594.3164,146.61092,624.48975
59.516903,499.07565,82.854706,528.73047
57.57158,268.15143,79.83879,303.7597
90.54509,0.11532211,118.41072,29.995533
43.59886,416.45105,71.47768,450.47687
88.2339,564.4217,111.796524,596.45905
84.2888,197.23886,108.11882,233.4614
56.540222,110.51816,80.01312,146.35672
27.820723,57.533165,53.52379,95.22463
116.30861,254.69165,139.51474,285.86835
