79.03977,349.93567,103.105446,380.23743
51.668083,36.981743,83.803505,89.55124
107.25514,162.34225,145.59776,215.67154
82.66742,449.586,109.28874,486.40497
25.465385,507.9107,47.594154,536.38116
111.12288,284.83337,137.28578,326.12134
112.3,418.01965,138.14232,452.88525
88.2682,117.79605,112.866165,154.642
122.01898,99.302216,144.42566,136.13045
0.2523861,625.6554,22.713099,639.7352
51.665237,444.2504,74.862015,476.59274
52.099052,165.78328,76.27808,198.79897
25.844559,101.97194,49.26438,138.06392
117.71417,616.02466,143.26837,639.8978
23.105291,180.91296,46.783913,214.55334
82.093704,190.79019,107.4312,226.68997
124.42438,8.618504,151.11182,45.02711
