112.90466,443.6819,139.75073,478.0935
0.0,570.964,19.507484,603.50354
82.34122,332.51746,104.86679,364.33667
2.3625088,100.82553,29.82841,139.06718
113.06203,279.52838,135.97954,315.08893
49.003616,279.17023,72.6519,314.4372
17.272964,394.29922,43.839436,432.9194
120.19977,87.6999,143.99954,124.04844
88.16518,606.69104,115.710495,640.0
116.81847,171.15517,141.81993,208.00435
21.392141,195.79575,46.312386,232.41312
47.078995,403.26562,75.38439,444.8305
83.19205,136.6023,109.19849,176.14355
48.22508,156.64304,81.07408,203.7911
0.018672943,419.23602,13.914108,451.3211
95.30055,49.239365,120.64436,86.31227
0.17211723,237.47449,13.890242,273.8357
26.914583,604.7119,54.437943,640.0
