112.752396,315.76093,136.44392,349.82574
115.86301,171.0695,139.21579,203.97023
0.1841507,0.12129402,23.323025,19.241854
51.465286,194.40718,76.43568,226.60033
82.074615,245.59663,105.26352,279.29315
56.36166,74.22568,80.85071,111.58304
23.240715,483.98993,46.18306,515.7831
25.768803,97.024475,49.45338,130.13275
59.58151,624.90295,84.22595,639.9916
27.21548,589.6509,53.153294,620.9055
52.47763,514.15594,80.15057,547.86676
0.0,354.87048,13.52513,384.48425
0.0,600.2887,24.70592,638.52844
122.61155,588.84735,147.4177,619.9499
115.31625,420.4134,138.91847,452.77142
21.995686,245.22435,45.33447,278.26685
75.8907,434.05597,104.612595,469.5522
116.538666,491.35132,143.2113,524.37366
87.06033,562.30383,111.38934,592.2577
124.63095,0.0,145.0202,8.346049
92.21932,65.786835,115.41425,96.42581
34.484562,0.0,59.66663,11.197828
116.396324,67.10002,145.94553,110.8853
