118.80237,451.4231,142.33926,483.38403
115.79645,364.92514,138.70203,396.7396
108.86331,227.5206,138.7956,266.18253
76.70865,355.79944,101.678345,389.93848
80.852036,468.0158,108.55148,504.74384
0.01363945,577.78827,20.100424,609.5695
22.481857,539.6075,49.830223,572.69525
19.429081,361.05646,42.73005,391.67694
46.69861,328.547,72.1803,363.44092
16.077213,213.93494,42.18169,248.6997
77.633804,285.78638,101.2271,320.2777
82.56247,200.70923,106.826935,232.78186
0.0,499.7663,17.08879,534.86017
53.466152,137.32443,78.50015,174.42807
77.03348,244.73213,101.80261,280.8399
123.128586,14.376595,148.46992,51.56591
61.046455,583.1167,85.65252,614.68835
82.07449,144.18231,108.734375,180.61258
10.635868,36.03986,51.828823,99.54663
45.440536,426.71783,75.8627,471.94623
50.740242,204.15005,72.64698,235.50363
84.10755,517.1083,110.833885,551.9083
50.05818,401.10162,75.9125,472.4958
89.59333,104.306,112.458824,140.1669
0.0,245.37975,11.6576185,285.99414
