19.740007,360.5893,44.389557,392.1535
52.3956,86.93179,81.62105,134.60703
81.84172,446.8862,105.40787,478.42477
116.02176,248.89157,140.21552,281.04733
0.0,107.32614,20.488447,150.46912
79.8179,333.09787,102.32379,364.66135
48.371407,421.48364,71.81406,456.02917
50.369514,246.59421,74.26907,280.3691
18.622524,234.80673,42.072964,264.70847
0.1352005,567.7472,17.891682,597.9264
81.87042,174.67183,110.42139,219.3304
28.783808,575.70135,54.619164,607.8414
124.10605,626.0481,147.6341,639.94336
0.0,445.68903,14.12628,482.74805
113.34685,76.22856,144.46251,118.83098
107.98952,329.69073,132.02876,362.6676
94.14651,0.0,118.270164,17.64069
26.216759,0.3839035,56.49724,38.530556
0.0,284.8452,11.933128,316.9093
