49.16324,248.56577,72.50388,282.70035
1.9921036,0.5346756,26.228802,36.50222
98.89017,443.63892,124.08908,477.6338
58.668205,525.8429,82.686745,553.8707
82.2497,152.71237,104.020485,187.06253
29.685707,22.162056,55.091904,56.722122
121.17109,583.47815,147.15747,616.90515
122.04828,0.0,146.80106,25.424107
28.055954,626.20135,55.603157,639.8576
86.89891,586.87213,111.76161,619.0727
48.37123,415.6012,76.65833,455.60797
119.65149,104.167404,144.74213,142.81577
22.042814,174.64398,46.68466,207.7666
22.671188,417.68896,46.69674,448.53735
0.0,281.27136,11.161116,309.1792
