121.911194,604.8281,148.0036,639.58154
108.047165,184.59465,138.43031,223.70564
89.7687,354.2124,116.38334,387.91785
13.929947,256.92975,43.02828,294.04755
0.12343216,443.14764,15.493394,474.37128
21.22021,345.23212,45.454994,377.27826
54.56043,512.6028,79.346954,546.7921
57.560883,608.39294,85.72266,639.9286
47.08055,268.8068,71.679665,304.36954
73.37517,294.83942,99.744415,330.12238
112.57498,414.19424,135.36455,448.78867
87.11371,503.6212,110.833755,535.6959
0.053520203,524.9503,16.244846,555.5314
49.273464,110.06263,79.75275,157.24957
0.12713242,123.74492,21.889114,156.4752
86.951004,0.0,115.190475,19.540384
122.237305,0.0,147.5346,11.351383
23.72853,171.87445,47.070396,208.34772
44.25196,4.530983,80.05961,50.683525
