18.693966,51.561935,54.570034,103.591064
18.771515,403.24234,45.8994,445.1426
0.59220505,625.65454,23.99429,639.8496
113.619675,390.23145,136.17174,421.807
24.269367,528.53937,46.34062,561.2515
86.99353,610.1382,113.93637,639.8888
53.126884,467.21967,76.85783,497.45734
54.48727,533.2372,76.82138,565.713
114.72048,494.92377,143.25443,534.89557
73.0793,250.27298,105.809265,302.07382
82.4667,449.16968,106.85877,476.90747
49.23768,322.00742,72.66982,356.6707
22.004396,155.30981,51.52231,196.23895
121.66165,565.4475,147.17575,599.66235
12.399246,334.42755,40.134605,370.50043
48.5941,220.27536,76.29352,261.3515
85.60919,3.6008835,115.44559,47.886612
90.19002,103.14456,111.931305,139.1369
54.82306,110.81033,80.0795,147.56775
0.0,193.87302,12.48373,230.20807
