0.07071304,618.01263,22.550129,639.74115
0.013038635,88.07698,20.120647,119.19847
25.735115,547.13025,50.211266,582.2787
19.674282,241.81326,43.560085,273.92593
113.10245,595.9423,143.40842,635.5838
100.338745,436.519,127.69995,470.6381
80.13264,368.83826,106.1076,403.42328
46.802147,241.97046,76.07467,285.8852
51.89707,523.37213,78.14759,556.3211
46.45865,347.13672,75.227875,384.2528
15.109341,342.60452,40.883194,376.72903
0.0,505.39294,13.787427,536.4674
55.691605,122.21503,78.93269,162.00858
5.318866,0.026851654,30.083607,24.1524
86.947586,47.927048,113.28099,86.20857
124.41116,0.0,151.33871,27.083145
109.58812,298.12354,135.15692,331.32336
114.4299,189.06161,139.19733,225.02536
84.023315,194.99384,107.143036,226.66083
