115.00244,459.68793,138.26573,492.6042
0.0,516.3712,19.692017,553.9159
51.37172,179.69664,76.68213,213.15553
56.671387,571.31836,82.56654,606.12866
0.042295456,371.36337,15.14432,403.13565
51.99382,388.83728,75.36802,419.87854
113.716385,238.15213,136.91386,268.4169
122.85718,67.85016,148.39261,105.8934
81.14458,284.89362,103.869095,317.22693
91.5444,608.6561,115.424194,639.31616
16.371227,455.28064,45.017765,493.27264
20.048645,301.6065,46.773026,337.5426
85.54315,507.19495,112.035614,541.2621
0.038949966,238.07559,14.417435,271.3561
64.15381,37.901245,92.41687,77.30206
92.54909,0.0,119.28966,27.56765
