50.414658,338.76468,72.3866,367.3204
81.470184,264.56598,103.88782,297.96173
114.41287,275.91144,137.53214,306.04828
117.61105,459.96484,141.01343,492.8446
91.14914,612.0006,116.45419,639.95996
17.461922,335.56424,39.88246,367.65152
19.276016,27.294533,57.078987,99.62582
55.801414,106.49165,83.16212,147.01486
113.71033,113.61568,142.51642,156.39836
19.689194,188.05698,44.30039,221.91531
53.052887,230.21484,78.063385,265.49335
54.74558,545.2539,78.00128,577.31885
87.69196,27.592848,116.165764,66.191055
0.0,538.79926,21.832449,624.3929
87.99265,437.79303,110.26176,468.0044
0.0,539.04443,20.588785,567.64526
