112.63048,315.257,137.38489,348.0646
79.82687,313.52905,103.48941,345.917
19.406376,274.7756,43.567047,304.02707
19.545837,439.53583,43.314384,468.72626
117.55155,600.45966,142.58243,635.9555
0.054246902,545.2364,22.18806,583.299
79.637245,468.2979,103.628456,499.79352
119.205414,136.7064,143.70337,172.70436
0.248312,0.050891876,23.457615,33.952396
51.31208,549.68317,81.118904,590.81354
78.874084,168.07553,104.23692,202.36942
28.106575,541.76685,51.566833,571.5603
0.0,90.64963,17.327126,128.6391
82.486694,75.46911,110.84779,116.68302
