18.721443,291.82306,41.791782,325.9953
112.72388,547.7302,140.30627,583.7803
107.710724,332.22507,136.61073,380.51718
66.29901,224.27322,94.144806,260.68808
102.163864,441.75397,133.74046,483.8719
22.09115,451.0821,47.12928,484.54565
78.80383,411.5478,104.80878,443.93707
33.023743,625.00586,59.750397,639.81934
30.555254,0.3758011,57.924698,40.117405
21.73027,181.9888,47.46821,218.551
25.792875,102.16025,50.330124,136.0834
92.00553,0.09847641,120.3182,32.286777
0.1369133,67.8808,20.39149,107.36095
51.827415,462.96912,74.65457,495.37708
87.39939,558.9994,112.0684,591.7993
58.609898,25.388336,86.26712,64.98656
0.0,246.53458,11.740247,283.48068
52.035313,155.08922,80.586334,195.98387
106.11772,135.39095,130.708,170.50966
0.0,309.00763,11.621086,335.96942
