25.128838,547.49884,49.575264,581.12726
115.10888,516.8943,141.961,556.10986
86.60996,577.0397,112.5521,607.879
109.97197,203.97443,136.27896,240.41351
111.84889,390.57745,136.44392,424.1314
0.39320564,2.002983,26.086435,49.90371
0.0,514.49805,16.934025,547.50037
84.719315,115.30717,111.12138,152.7388
15.439419,350.25525,40.233284,384.5791
83.79094,207.03448,107.83748,240.00616
82.66175,378.1903,107.40998,411.25354
47.47528,225.68408,71.3806,258.32126
21.70896,219.0791,43.851036,249.92798
0.0,292.92157,12.202982,328.22858
118.07687,0.0,154.25632,26.238373
0.0,244.89133,11.963667,275.96982
