17.531693,289.43646,40.786057,322.88043
114.56485,356.34467,138.79282,389.211
89.544815,578.4673,113.29735,609.7622
50.230637,423.75034,75.977295,459.2203
24.906311,483.2152,47.10617,513.6877
115.80002,251.32695,138.70505,284.38385
117.301476,532.4701,143.42032,566.7982
49.963623,258.97168,73.442665,291.35522
111.76111,453.81146,139.25912,492.09015
0.22467947,482.84186,16.218115,515.1066
26.190664,573.78394,51.633232,608.03467
22.081638,216.41415,46.412327,251.69748
82.39093,495.97394,108.51799,528.7995
115.8953,117.45108,140.76437,154.43295
83.160706,161.24458,110.11203,197.8632
83.02272,245.28714,106.574814,276.2723
82.048065,384.4054,104.01181,415.9228
56.294083,524.1282,80.55684,554.1719
0.23768234,62.23595,21.414093,98.810776
56.18251,147.17067,79.51488,181.188
62.08331,60.008904,86.99402,93.88616
23.550594,400.77716,47.05328,431.74152
0.0,136.45013,17.787945,179.75854
0.42393875,633.6524,21.251225,639.9228
91.667755,57.408154,115.34012,92.14046
26.431274,110.20868,51.571136,147.70538
63.43169,632.7741,84.90074,639.8969
