80.682816,427.61234,106.115036,461.36014
110.74544,178.10535,137.98598,218.12372
50.672356,242.38934,75.621666,274.221
81.56622,257.24182,104.559875,291.78528
114.98845,280.47443,138.59985,315.59296
21.381765,484.10303,44.64309,516.9925
0.1979084,528.7129,17.248888,562.4402
48.395424,341.8045,72.20308,377.06146
51.06331,517.3069,75.294815,553.05164
20.16732,169.73077,48.978127,212.00049
94.94127,0.0,115.183945,9.1313095
20.192432,277.88715,44.780598,310.51666
54.497585,101.47302,78.35547,138.23618
95.79309,63.13748,119.72296,97.39639
0.0,196.01898,15.090589,229.10391
