64.702576,4.323433,88.62846,43.763855
18.649841,289.97327,42.356857,323.11194
52.978664,506.96417,76.48538,535.75336
0.027565002,209.25296,17.85707,248.83334
52.20188,408.46527,74.95395,439.10297
111.708984,261.78818,136.00456,294.29544
124.57851,594.122,149.17216,627.3062
23.830303,495.77374,46.428867,526.75214
115.543564,163.07626,138.9763,197.009
109.51068,477.74475,135.4748,510.24353
86.97418,88.94928,111.346436,127.06557
54.62566,75.14082,82.59569,115.30458
19.354946,382.65625,44.304157,415.2036
60.08177,560.7688,84.06192,591.96875
50.784164,237.70786,75.04796,271.90524
80.391075,226.86816,103.91897,260.2613
0.110881805,618.1442,22.5732,639.66376
89.39377,590.6869,113.21835,624.0404
24.867514,193.71194,47.153618,227.07953
