110.37309,271.24457,136.70947,307.71057
84.83472,502.8333,109.884155,534.346
26.021196,523.53064,48.187668,552.725
19.982658,363.99695,43.476974,395.03845
51.862106,486.5728,76.911865,521.84467
50.434067,336.1648,72.60843,366.12744
23.785965,109.89203,52.373764,155.08743
110.20363,384.64545,135.35799,420.53583
118.534164,83.7619,146.23921,122.95691
62.773632,603.5085,86.031876,632.74994
73.70921,287.865,102.95032,325.2738
0.0,408.90668,13.176107,441.21747
20.575748,262.35367,43.2946,294.71652
57.21719,27.21949,86.42435,65.477585
51.964066,207.44229,76.168915,243.23813
84.44511,153.01855,108.435524,186.90399
1.0220718,1.2672424,22.858162,103.52565
90.348854,14.351944,118.730934,53.483162
0.48748875,1.488411,12.037997,95.2962
0.0,219.23412,13.372295,253.63637
