88.31755,42.130173,114.67192,82.82391
49.911705,315.32623,73.00637,347.6889
83.54901,392.67493,107.10437,423.69836
21.134668,183.0103,44.5483,219.99767
0.32750845,489.03485,16.04698,528.33954
115.426636,404.8686,138.66806,438.98932
49.411873,412.43494,75.406364,444.3766
0.05595398,579.59717,22.365242,612.9624
88.78735,570.70483,113.254456,601.66846
22.605637,451.96835,46.501556,482.08865
110.0697,205.43564,139.13277,245.10107
83.88312,209.75702,107.916504,243.50739
52.515045,211.112,76.49196,244.30676
34.67154,583.94806,57.716553,612.77606
52.449417,619.0593,82.435104,639.9509
0.0,320.9859,11.662782,353.78888
