83.69252,432.8499,106.421585,465.03522
85.19374,512.20306,109.68651,546.52655
0.05041504,518.8458,19.309761,548.5521
116.14438,482.42548,139.81863,514.4571
0.0,398.4925,16.015564,430.46283
28.500648,0.0,58.4329,25.011917
115.92035,140.15991,141.3671,179.63489
111.13574,279.23602,135.51506,313.1275
89.55101,71.20389,113.75037,110.699036
22.923126,359.36328,44.709183,388.81146
51.375,496.63116,77.88533,530.5114
23.12865,525.8834,48.20136,557.8605
0.0,292.0639,14.684549,327.2824
80.88805,213.69775,104.737335,252.02545
54.65726,169.34149,78.831696,204.35681
0.22800255,0.058692932,25.579367,16.524782
33.92614,267.18774,75.63864,349.43237
60.146606,54.673996,85.056076,92.360535
0.0,182.04132,13.708636,221.0495
17.572205,258.12683,60.10898,294.74634
90.52658,634.12573,113.74794,639.8815
