111.13609,336.57196,139.45659,375.53217
0.0,135.63602,19.077728,168.27701
19.123096,295.49768,41.821278,327.50903
49.93933,193.26996,72.08634,222.76175
81.96886,326.68195,104.77428,359.222
49.46305,337.1535,71.97353,367.26996
114.99658,539.7925,139.80847,572.3253
81.990295,404.0484,108.263,438.77985
32.753136,26.706486,55.813896,60.49992
56.880806,83.645515,81.78896,120.42223
0.0,571.9595,22.049591,605.8667
126.7095,26.318993,150.3591,59.12858
20.638403,447.01617,44.91192,480.6187
67.96509,572.9714,92.79196,605.60284
0.0,374.33298,13.541976,409.32986
118.58162,148.88635,142.36858,183.62787
