50.793716,406.86227,74.29971,437.4847
20.064093,365.7854,44.356712,394.6621
53.503754,555.0564,79.766205,585.4794
0.0,51.43975,16.838978,87.98153
50.700157,330.93,74.34269,363.99664
0.0,551.2589,16.020374,579.25745
115.94947,498.2547,143.35242,531.9998
109.8136,248.68762,138.20035,289.02734
116.35489,407.6289,140.72653,441.40466
18.909374,298.50153,42.08067,328.82733
79.48869,339.2656,103.15149,371.40897
51.40165,479.09927,76.09668,508.8287
82.79103,478.88998,108.05791,509.64627
25.946983,537.89526,47.90722,566.8899
32.3115,625.4384,57.288277,639.75555
83.69983,229.68176,106.5107,261.36603
90.87851,0.05031967,120.002075,36.987183
26.091053,108.80362,50.119976,143.19626
107.96759,354.5998,135.77646,388.34302
120.86038,70.73917,144.37772,108.854965
51.73939,168.59802,78.567276,202.3418
23.832685,187.73396,47.357742,221.3603
28.963158,19.651726,56.02913,57.561928
48.578735,259.91736,73.71633,295.7755
22.437592,241.58435,47.79859,274.86676
0.0,216.08923,10.676604,248.40656
59.017666,72.005844,83.29941,108.958206
