112.74678,302.37933,136.6256,339.82465
51.062363,466.61743,74.47838,500.19153
0.14704514,582.8907,22.01677,612.8591
34.491714,596.1887,59.17758,627.3767
0.13245583,443.9245,15.701791,473.6283
76.60303,372.08545,108.117645,413.8474
115.1921,483.93134,141.59372,519.49786
25.269283,170.05927,47.80396,200.72565
24.391884,500.30127,46.713577,528.45276
85.09593,499.1148,109.998276,531.18756
123.05812,620.09216,145.66713,639.9617
53.51558,121.04691,78.76964,155.48691
17.971088,328.9549,41.569107,363.24274
116.95247,117.52261,144.29185,156.08978
86.39426,75.92352,114.076324,118.13727
121.96015,0.057012558,152.72003,30.500036
90.4888,0.06449127,115.90677,27.603859
0.0,327.06635,10.900404,357.73627
