79.96062,355.42715,103.34662,385.93143
112.673065,444.4001,139.98131,479.794
0.0,551.512,20.31747,579.3925
89.83977,560.9535,113.13451,592.65027
83.40015,446.05408,106.38371,476.41858
47.3154,416.5343,74.75675,451.95862
49.71499,306.0443,74.14982,341.2815
22.94567,356.1273,45.28176,388.6487
22.008812,498.36755,46.397804,531.29443
27.624294,47.483185,55.391132,91.70596
58.35283,581.2083,82.44035,613.99994
0.0,74.787674,16.570807,107.782425
111.702484,299.46606,138.38123,333.4734
60.149612,37.36715,84.61546,74.17684
93.440315,0.0,119.43757,24.834995
117.16717,167.4033,142.6059,202.70406
21.043259,177.75008,45.937187,210.45705
82.66626,190.27437,109.10434,228.57207
53.8961,132.31549,77.63591,168.81653
55.72993,196.7052,81.203476,229.62292
119.63215,52.44115,145.48834,90.83339
86.514435,112.2379,111.69849,149.91924
0.0,306.10736,13.571217,344.0285
129.1207,0.0,150.77844,6.418474
0.0,472.27997,11.960856,499.0417
29.28642,630.391,50.348007,639.926
