49.593246,377.8805,72.71137,408.41516
17.039757,336.7561,41.981422,371.2484
83.32333,367.22632,106.302216,398.66663
0.0,179.59702,17.592705,211.00797
22.42807,486.58392,46.06153,520.7112
83.03691,443.6727,111.315475,477.0991
112.560135,380.00693,138.95479,417.64438
1.5354004,613.12415,26.809364,640.0
54.577465,124.697205,78.34715,161.79407
47.406067,235.37433,70.5161,266.3689
0.017647743,417.06586,13.6738405,451.45587
116.17433,194.81476,139.93608,226.50253
74.099625,609.51514,102.92717,639.90625
30.228851,58.58229,55.631004,93.74945
116.00861,579.5868,140.95258,610.4431
124.137146,70.34151,147.9682,106.388504
