107.51088,282.7671,136.36046,325.15247
81.25953,456.45477,107.20234,489.25897
59.62642,622.213,83.86479,639.9675
118.34956,92.824936,146.94481,135.05879
76.96762,301.21674,105.49185,340.89545
0.0,542.52954,18.895433,574.9153
115.55522,472.6532,140.28755,504.50952
114.90224,348.61823,139.4713,379.62598
48.58989,357.9837,75.894966,393.70123
0.1419506,494.7481,16.199242,525.5417
20.851679,426.8416,44.465385,461.28467
118.34546,546.5237,144.5954,577.261
24.874458,475.1816,47.49565,506.32468
26.955801,575.1046,52.512154,607.1925
77.749466,362.0065,105.2704,396.45468
17.536034,371.18304,40.907753,403.32648
84.49313,540.62573,111.18121,572.547
17.189323,299.00653,42.201492,331.2896
21.798138,140.0684,48.435383,178.29787
83.361465,409.84485,106.52641,443.34436
116.86726,156.63458,140.78377,190.08258
88.77139,593.6488,114.21248,639.2113
58.774536,13.275185,84.42337,54.138733
58.82383,547.20557,82.37983,578.6864
0.0,346.60388,11.404803,382.76318
86.50229,74.361206,112.50836,114.043274
92.56639,34.53315,117.442154,75.13232
118.76694,202.34547,142.56174,233.71721
18.724442,249.69803,43.113342,283.47104
