50.170998,168.95294,75.38038,202.76932
110.36197,190.82266,138.3227,226.34525
17.417599,403.9458,44.222813,440.6903
82.82146,360.27682,105.97279,392.16806
0.057216644,549.26245,20.837833,579.34106
76.79756,245.94296,100.775024,278.78372
121.33231,580.8319,148.39944,615.6715
20.132969,324.96796,43.57149,355.87726
54.735252,478.24457,77.94642,509.133
117.95357,472.7334,140.66084,504.21735
26.617298,18.780449,61.150196,68.79115
93.94255,0.0,119.99095,17.756317
57.873577,564.7095,81.99788,599.4651
27.658745,611.48,51.73088,639.59424
0.0,57.858814,22.19231,82.90193
90.636795,631.35345,114.65636,639.91327
