27.268421,571.0155,51.786922,601.6791
28.435966,305.13956,69.88435,360.09543
118.53549,507.3259,142.34772,537.47095
83.90045,531.5526,110.425705,564.4109
51.966568,519.1288,76.44083,548.0653
32.365936,0.0609684,55.975967,19.469473
0.022787094,157.6413,15.423599,188.60721
121.61688,66.17546,145.50308,100.55829
0.0,507.63928,20.138632,536.338
19.426281,145.81381,44.131214,182.34335
83.46297,153.43195,108.16048,188.12946
22.045048,68.42865,50.306705,108.898895
80.39974,337.90552,103.37467,368.57288
114.09071,333.46204,138.51277,368.1725
79.56232,253.3717,106.33963,289.79797
50.453644,214.04099,73.72392,248.94028
95.51902,0.0,118.82668,7.7600403
20.452042,210.38962,44.1876,241.09442
0.0,368.96558,13.018775,403.38257
