104.77016,427.3951,138.60777,469.15952
16.733395,304.87402,42.32458,340.41437
83.83361,275.9436,108.039986,311.39758
0.82580566,0.7115021,25.994417,35.69874
0.0,434.5987,15.677466,477.4782
51.708565,419.75098,75.0914,452.211
48.557816,296.39563,74.01236,330.79102
22.072624,200.5314,44.476776,235.20444
53.58781,171.97263,81.79024,207.34195
33.368027,15.3181305,57.89302,51.40036
126.56479,22.989199,152.6861,62.921646
0.021150589,217.20535,15.410458,255.66037
90.398026,91.49795,112.61635,126.49131
59.21821,60.808132,83.27709,96.86047
90.85547,612.3616,118.72305,640.0
0.0,321.80704,14.76902,354.07077
3.0335808,494.85052,50.714565,565.87946
90.7316,612.846,139.1643,639.8101
0.0,111.1733,14.973726,149.29495
