25.772642,270.9232,49.570053,302.41953
41.10914,345.27795,71.334724,385.16882
83.41727,376.88928,106.86246,410.53174
24.546207,531.86017,47.4699,562.26654
0.0,141.12788,19.311874,175.03224
122.243965,0.9855614,147.24646,43.574123
109.05307,333.7749,132.95538,366.88953
19.468647,440.4452,41.023575,468.63904
57.28475,560.4146,81.43845,591.50494
82.8186,179.8957,106.76456,212.91328
52.22126,156.8198,77.16537,192.73813
113.41226,181.30933,141.6781,221.29916
0.20733452,30.98188,23.920042,65.658775
86.07738,566.4682,113.678024,600.1152
24.615295,171.77182,48.363853,204.2319
122.02158,628.8327,146.06674,639.894
84.240616,50.59635,114.91582,96.34428
28.491516,14.0978565,54.9068,51.414078
0.0,287.0211,11.768448,315.59433
