0.03908348,504.9696,16.804039,535.89026
50.994896,483.1571,77.2512,523.6941
114.129684,347.9849,137.32588,382.41922
48.86415,363.23724,73.33694,397.06708
113.81291,246.546,138.68773,282.8849
84.679184,427.67285,106.56998,455.76685
19.529613,273.04425,42.921993,308.54852
116.38043,526.62634,142.59808,561.4033
19.135834,467.8973,47.367332,506.31796
4.665474,185.4898,31.84909,221.35004
116.43477,169.65193,139.74776,204.71764
0.0885849,96.66791,20.362799,127.15823
90.75929,153.0413,114.10864,187.43031
12.79047,32.83542,41.404694,90.22151
45.224854,242.13551,78.890884,285.54553
79.45795,237.86768,105.27084,277.016
0.0,320.37872,13.472036,355.6615
12.697871,33.108055,38.47578,77.25647
