82.546936,474.38818,106.22476,508.82214
58.49137,537.6357,82.427284,569.69806
83.038055,144.27103,107.02719,183.16977
61.163345,23.39184,84.45442,58.713707
32.65703,0.5705414,58.80298,35.667976
114.6982,238.40176,138.4066,269.08865
19.45628,435.61182,44.691357,468.14087
82.179726,228.39194,104.213036,263.17108
91.999214,21.128246,116.81217,54.88653
0.0,560.5105,19.21833,592.9004
0.0,289.2647,14.53586,325.77325
116.87096,84.6718,144.38603,121.99364
55.34429,184.66916,77.844154,216.12076
27.430357,597.5159,52.514862,629.8387
118.507935,581.8629,145.16006,615.7506
0.36121368,0.0,21.338512,10.853302
23.78323,179.98132,46.41657,211.73297
