17.679104,280.62604,40.228115,312.06036
0.123806,617.83594,22.88533,639.6758
27.908073,594.66956,51.721863,624.50037
46.525383,429.7793,72.39971,464.50244
90.24281,20.299057,115.74928,58.434074
19.599945,387.67706,42.88206,419.79962
21.337198,477.79602,46.17237,509.76233
109.88115,292.1086,133.32033,328.23386
0.0057315826,50.461212,19.997189,86.49751
85.70398,478.2249,108.139786,510.5044
121.04396,537.1511,145.12645,569.0366
76.26074,319.15295,101.61763,352.5019
27.820665,89.731,52.97682,125.15642
52.070377,131.1936,76.925415,165.05469
116.02777,148.64401,140.84451,182.29083
51.10376,303.54883,74.80275,336.8808
113.14624,403.4043,136.42801,436.96277
86.61293,130.01962,109.50745,165.13232
0.0,345.20734,10.181824,386.37653
