26.650352,585.55066,50.270477,616.34753
112.70543,305.49033,136.10338,335.74863
74.348206,406.57788,102.80028,443.6754
56.967285,0.0,87.149704,43.5826
24.31788,237.87485,47.586037,269.20398
24.061363,426.2592,46.355377,453.68198
0.0,153.87407,15.791597,189.43413
79.05005,251.85753,104.98532,288.9552
85.399284,458.2329,109.61263,489.0807
48.224693,282.99603,71.660774,317.6902
0.0,547.609,19.786581,576.4967
87.60634,154.86172,111.05205,188.6445
89.978,35.83383,116.91559,75.5658
0.0,448.12537,14.37557,483.83997
53.950047,171.33563,80.58667,206.6614
