20.006798,484.7846,43.80205,517.7801
53.971832,533.8098,79.94821,566.7754
88.575066,560.3503,112.225426,593.038
83.19682,140.51978,110.11134,183.2435
18.921833,320.40625,41.78137,351.7456
34.181725,0.024646759,60.565147,25.505802
113.72975,298.64154,138.76312,331.97137
29.051952,568.32056,52.182766,599.6593
79.56856,312.0313,103.61806,343.24353
126.51886,0.021766663,152.5108,13.178738
114.40411,411.92474,138.82532,445.27045
42.486755,420.84076,72.78029,464.25507
121.678955,589.6669,149.18875,627.3656
0.1534214,284.79065,14.694671,316.04907
105.29794,477.0876,142.83029,524.52936
49.710056,128.03789,79.206635,168.2559
84.382416,489.27478,109.5986,522.8766
91.75719,44.448143,115.76466,79.757996
110.83977,120.09651,141.09927,166.80067
