48.026543,332.12842,70.93093,365.29126
115.9238,452.24323,140.24048,485.42255
85.751175,589.7123,113.49072,625.01074
49.030693,416.56628,72.02302,450.40332
19.8096,461.80643,43.350266,495.93173
57.045643,537.09326,79.855484,571.4617
113.63014,314.95444,137.50465,344.81454
82.088745,346.37167,103.02438,378.95712
82.015945,94.72751,110.638535,132.88257
82.846146,207.69872,108.7498,244.4493
0.2729168,52.720505,21.597527,90.67302
20.807617,212.4158,73.61166,252.64691
20.494917,215.30127,49.470657,251.30603
