90.10829,610.9525,114.554474,640.0
19.125336,421.7025,42.29825,452.00354
0.17445183,0.0,21.338785,29.381748
0.0,558.08984,19.79443,588.46387
122.59487,623.6408,146.25742,640.0
0.23062897,619.6637,24.032654,639.78455
118.23674,167.60223,140.69853,198.12045
118.56909,546.4253,144.87628,577.69727
17.23951,347.97366,41.503983,379.93655
107.0027,312.0569,134.76305,352.07178
22.365822,489.0116,46.002792,521.12244
85.97917,565.6157,112.775345,597.0332
78.48421,387.33234,105.44377,420.7635
116.51532,399.82227,141.52292,431.3473
84.128265,439.85526,107.57376,471.3845
29.555199,12.129517,55.765717,47.45273
19.648285,179.71123,45.935295,214.75941
76.85361,324.83557,104.44621,363.04517
82.95311,495.3075,109.150955,529.6415
124.064285,5.2927094,151.58788,48.55787
47.6137,211.38184,74.36552,246.45514
116.97528,112.42404,146.03592,153.47409
18.166008,300.0509,41.4805,335.0559
0.0,385.28265,12.7860365,420.3178
80.075966,216.81729,104.75086,252.17776
59.89215,569.1826,84.64882,599.22815
84.45059,103.532745,111.858826,140.46564
28.662178,547.2326,51.325943,577.08356
47.348663,267.2812,72.79109,303.08405
118.12744,215.17068,141.01392,247.98392
0.07591629,478.58673,14.031681,510.27472
57.148895,65.234436,79.64734,103.69937
0.12706566,65.7957,30.159924,138.02785
75.982086,258.87274,100.42044,292.8393
89.290146,11.39241,115.32225,50.279945
51.509632,474.6808,76.71376,508.55298
91.50073,64.027145,115.22629,101.78467
