0.16340637,9.7225685,23.104324,45.780098
89.61303,608.2457,115.4694,639.87244
18.239582,245.60085,40.762157,278.03357
83.33458,443.03162,106.69612,474.82483
26.568043,559.8383,48.495968,590.8774
45.685326,395.67987,71.70263,431.94904
0.0,583.56506,19.62806,612.5448
77.23996,276.02045,103.25813,311.46564
54.170116,91.223785,79.14073,128.17133
118.82463,107.25195,143.8986,140.12927
112.2061,365.4753,135.39522,400.00345
118.717804,500.05103,143.72498,531.62024
89.01242,88.534134,112.555756,124.98909
19.312332,350.95715,42.898254,382.79688
19.985254,442.37347,44.018654,474.87848
29.548298,49.838566,55.615803,85.000824
92.44269,0.0,117.63025,17.251982
109.6286,253.12354,132.84299,290.19806
51.908104,268.4131,74.93765,301.36188
