71.01994,211.93204,106.61226,264.68033
80.58301,370.37,103.752945,404.4762
47.441048,335.49713,70.30151,370.15002
0.36738205,20.105755,23.505787,53.65951
20.144806,465.6474,46.513283,503.1966
115.17444,419.26434,139.08583,452.77142
115.90626,94.17659,145.03448,133.83073
115.93489,485.4702,142.31905,520.41656
22.878794,189.63828,47.106743,226.20123
52.713642,485.7981,75.4619,515.8982
21.0729,561.1743,48.42196,598.0222
115.83794,264.3452,139.79665,297.21228
120.49219,571.3176,143.68066,602.2643
79.08574,438.62912,104.56801,474.0051
57.14572,558.75586,81.7036,592.4038
103.68826,24.621956,130.54242,61.947495
86.288574,579.0299,111.17966,610.22974
49.19423,0.0,87.37399,43.671577
0.0,312.1705,12.020763,344.95792
29.3816,0.0,87.27591,43.077026
