76.00775,515.4491,104.217865,548.93616
80.21408,346.89832,103.486084,379.29797
111.39099,289.6748,136.29227,323.14795
28.856594,531.67834,55.307125,564.9269
119.066864,80.36429,145.83994,119.01245
52.28775,280.35474,76.22818,313.7411
20.905167,259.5069,44.08835,290.03656
123.60741,610.6824,149.68434,640.0
89.83424,22.97226,115.719986,62.73987
25.442188,121.33491,50.228886,155.58643
83.81502,598.4579,109.85693,633.4188
0.07188606,589.16016,23.909575,639.7501
0.0,209.41234,13.394693,243.72908
54.92315,138.9719,79.15586,171.84613
0.0,345.39615,11.526304,372.6711
