1.1314926,34.479355,23.415731,69.73646
19.735565,252.28674,43.24421,284.5088
1.2992706,587.1987,23.838312,617.3533
49.81122,414.5818,72.18709,448.47778
117.664894,27.295097,147.00467,68.57182
50.332962,273.26453,76.16116,309.6056
82.73412,478.22083,108.6554,512.8607
0.050201416,127.67883,18.499535,160.89618
57.22534,551.97363,80.717896,584.4895
89.668106,65.77487,114.44362,99.69101
27.682348,513.7415,53.331184,547.7492
22.552443,433.52893,46.00905,468.42883
101.39238,529.1178,129.78334,562.60925
112.72443,261.23734,136.54385,297.17477
22.244766,162.24661,44.70556,192.64798
31.669502,0.0,55.496323,9.827744
0.04755211,438.97327,12.881193,468.78235
