18.219921,320.94855,41.622646,355.2779
115.37549,54.142124,147.52472,102.85022
81.46677,269.16132,105.4689,304.503
114.13422,291.81506,137.76949,324.4524
49.708237,280.46414,72.26648,312.63718
28.24036,70.80748,52.54717,108.5894
81.54147,424.63184,104.04654,455.19324
89.07495,556.1848,112.42543,584.9238
51.402534,435.80682,75.32874,466.42914
0.08657074,93.99722,18.267544,129.55453
51.877754,514.72107,81.64559,550.68494
86.77098,91.44667,112.00229,128.71724
57.292404,49.939083,84.97856,91.52118
0.0,227.1016,14.995811,260.96054
19.82327,219.4372,44.928345,260.78247
2.7986946,0.0,29.691837,10.889423
