109.567825,306.14954,132.75346,340.71985
10.856297,343.6412,39.016228,383.57498
18.33979,0.0,59.931793,45.21005
58.519154,562.6699,81.07155,591.9807
44.62417,318.8352,69.933975,352.76843
85.245804,419.33417,108.15318,452.6176
0.21613121,63.68463,21.837315,112.40901
89.36745,41.865074,115.57762,85.96997
49.956512,107.22949,79.0323,150.94684
52.19033,427.91998,75.27152,456.88177
92.28043,580.4,116.032005,612.8192
123.468575,0.0,149.20746,22.345596
26.024134,533.2914,50.498314,562.4396
116.72688,156.21045,140.6498,189.88898
0.0,297.2844,9.897041,331.25864
