77.38089,402.66846,102.949585,435.13794
111.57602,371.99384,136.26346,404.61877
0.46586418,3.5474243,25.759123,48.890152
115.38999,489.54968,141.02805,526.622
83.67863,159.29184,112.14352,196.85416
77.786606,279.68942,100.740585,310.5618
112.82056,219.68451,138.00381,256.64
45.674896,418.71893,71.499954,450.39374
81.85414,229.81793,107.66609,265.7367
58.859547,21.32396,84.67268,59.072815
92.4686,0.10106087,119.24893,31.412428
21.483452,136.77753,49.43746,176.29599
87.523636,492.41907,110.7509,525.3648
55.050674,567.7005,79.79097,596.7852
34.304188,0.0,58.31265,19.843306
0.0,108.6799,18.31421,144.85818
52.36919,202.6077,75.75365,235.79782
87.37796,628.43274,115.12134,639.906
117.19063,98.2079,143.85289,136.60545
87.74153,94.20575,112.41554,128.92273
