80.91159,191.95543,108.371735,230.28291
0.11217785,429.9184,15.275217,460.73102
25.966726,492.45404,46.899925,523.85126
0.065784454,88.41313,17.296444,122.46922
15.696205,364.2652,40.53797,398.84094
28.107683,593.98474,55.795105,628.5851
79.26808,408.67078,105.67772,444.10675
122.81839,616.2776,146.32959,639.78735
42.0597,421.6758,66.15844,453.3857
86.91139,535.43665,111.301346,568.30505
23.046898,129.46341,49.988876,168.03537
80.438,295.30188,103.797104,328.44348
109.395096,446.52094,136.35701,481.81073
24.688354,215.40872,48.213516,253.45877
14.0313225,299.13617,42.898453,340.66107
56.399574,542.3845,82.213554,575.91223
29.862137,12.495766,58.352356,49.473045
108.42082,251.54324,135.26012,287.0743
80.514435,45.882217,110.526245,95.23221
121.17865,35.404617,147.60565,72.57569
58.938217,43.52336,82.240555,75.920944
0.0,264.6501,11.979317,298.56287
122.64268,0.0,145.9852,12.306196
