0.6684971,7.183075,23.961088,44.699448
112.49632,227.20322,138.40483,259.87112
122.90756,65.60887,146.12823,99.27992
81.03093,335.93176,105.935074,370.0863
117.73901,478.26477,140.39252,508.901
0.069898605,361.41516,15.183459,396.74182
62.258312,618.4514,85.04509,639.80383
43.314377,252.9816,67.286316,289.16013
2.0259056,442.06586,41.89391,495.643
76.98488,227.60974,105.454865,268.32434
9.112072,571.67114,52.28737,629.7782
55.460014,86.44684,79.44167,121.88658
31.790483,43.741653,56.05307,77.11296
51.286793,444.03394,77.573166,482.344
123.667114,602.4617,147.70114,632.92456
84.23872,461.60156,108.43172,493.0797
86.5464,110.37193,111.85713,148.11995
0.14393997,546.64233,19.036928,577.9663
