46.884987,330.84363,71.07322,364.54224
15.927078,60.385468,51.47209,119.107834
0.04261589,179.73593,21.314054,214.53513
108.66785,313.7105,138.06644,351.90802
82.31372,416.9638,104.084045,447.43304
118.15094,530.8812,143.88464,565.0062
51.96512,448.17303,75.019356,479.33624
0.009851456,580.492,19.501696,613.16693
5.7867517,422.72803,30.696732,456.72412
46.21769,236.45468,72.36371,272.59445
20.811945,297.10852,45.466087,331.46606
60.032154,0.0,87.05434,23.578873
123.620255,9.844803,150.03316,46.394276
85.483505,513.09607,112.66908,547.43665
116.27639,98.74219,144.00119,135.52826
0.7038975,39.626198,24.96806,75.21631
2.9604874,467.94922,47.90062,526.0556
85.4362,147.79437,110.08516,182.48535
93.97232,8.887909,121.226746,45.137077
58.71718,87.190414,83.10762,120.18454
38.65023,554.62006,83.498474,621.0706
