49.246742,326.5479,73.80247,364.02496
15.886241,195.4888,44.463123,237.34238
82.276794,245.23361,106.60416,279.59134
21.042517,414.2663,44.035072,445.84778
0.16699219,594.43604,22.177956,623.57715
84.09573,504.82312,109.17905,537.0907
0.0,278.9448,15.121765,317.26645
119.828735,79.47035,145.52066,116.39688
58.948708,589.3628,83.589806,622.96826
104.1837,332.55225,127.653625,364.8839
24.061104,507.74255,46.73253,540.68176
0.6563759,109.407715,26.288303,142.55704
92.2474,0.0,117.726006,23.736908
119.2634,557.9923,143.82407,591.66077
57.234215,138.10005,80.03472,170.8571
0.3695202,0.016420364,28.598665,20.660444
118.21007,619.26447,144.14775,639.7392
29.98048,28.13514,58.351734,67.63142
