18.842018,291.87732,41.862946,323.83533
52.716827,544.50134,78.95134,574.9081
115.25751,486.29468,140.81717,520.1837
50.794655,468.04645,75.53645,499.70673
50.009407,394.91608,74.175575,427.43536
50.035164,321.97626,73.27691,354.8136
19.810757,357.6889,44.215946,386.3073
107.66942,345.58276,134.61824,380.1444
82.15624,467.48407,107.15189,499.60333
79.04001,328.11273,102.81116,359.73883
116.22228,396.90002,139.93256,429.61163
91.5338,0.0,117.80452,22.971912
26.42239,100.115616,50.521793,135.14973
0.041147232,36.039093,18.727577,72.68962
25.547867,522.86597,46.821426,552.323
29.0671,609.1333,56.311813,639.56616
23.563343,235.19733,47.21223,268.17908
110.25931,241.13335,139.64658,280.43585
86.963165,628.4181,111.73047,639.86584
49.55358,251.17287,73.12965,284.94434
52.561295,155.03088,78.49245,190.81866
23.753424,182.94946,46.586205,214.90784
0.0,535.91394,14.129103,564.2102
83.72514,219.26074,106.47821,251.72534
29.610775,7.8063927,57.494137,46.23079
120.980354,61.92105,144.59747,100.494995
84.981125,97.24071,111.65416,134.37137
0.0,399.7423,10.256052,430.4026
0.0,203.4184,12.089433,235.0166
