14.58506,307.34644,38.858387,341.68463
29.110062,561.78375,52.18827,588.0799
17.17387,435.8577,38.180984,464.07077
80.07697,361.03473,104.12705,393.1812
119.52451,81.780975,145.40665,117.296936
47.11564,397.68402,72.575325,429.14508
0.30028725,63.42209,23.417849,103.87901
84.57114,150.65784,108.70267,183.07166
80.84547,243.15543,104.15928,275.95462
52.836433,509.84473,76.389565,540.60767
115.00196,500.1016,143.27783,539.2207
48.302376,231.25034,75.611046,268.06268
108.33559,226.36316,137.97038,264.4878
54.67279,131.21367,79.907684,164.93724
62.38069,25.8471,87.0647,62.76323
93.61978,0.0,119.142105,10.568749
26.106022,158.67787,48.295696,191.88512
86.82248,506.96768,111.37045,537.8187
0.0,540.5165,11.102291,565.6644
0.0,359.4165,9.399326,387.57397
0.0,264.904,9.967768,294.92877
