113.7666,346.91568,137.5745,379.92715
121.11504,499.67682,145.42609,531.22906
80.40546,481.0946,108.371735,520.8181
14.4722185,255.06604,39.784756,287.7802
79.940475,315.81152,105.30626,350.30847
8.1657295,393.96567,48.031487,455.62216
88.48457,106.606,112.27257,141.96982
88.41963,42.35398,117.1752,81.64901
0.048460007,115.249,18.787737,153.9415
0.234869,520.57306,16.234192,552.7758
0.0560112,227.03592,14.610604,261.2709
28.179022,69.304886,52.689034,104.650314
25.936258,583.9651,65.76496,615.44385
26.059233,583.82764,53.24472,614.85767
89.81057,626.13477,114.844154,639.771
