112.81859,307.0169,139.07462,342.367
46.331665,412.52823,73.94559,452.363
20.196865,235.97318,43.54288,269.64725
51.85453,229.0882,75.65902,262.58426
54.401405,515.4312,77.411705,546.1977
81.083176,343.525,103.99866,375.60422
28.808449,78.07431,56.228874,116.8645
115.61519,446.89362,139.84721,477.65045
81.25459,454.1845,106.334,485.9568
93.98748,0.0,119.242455,19.222078
20.926723,381.7215,45.212444,416.35345
27.50967,578.62695,55.791103,618.3296
121.99042,604.2197,148.35269,639.62085
83.92923,160.58575,109.14444,193.05157
0.30316353,0.0,26.470697,43.883984
118.16116,172.30087,143.4549,208.67014
