83.76436,192.83066,107.112976,229.26126
0.018539429,131.43512,18.325186,165.60999
112.44119,345.44595,135.90651,377.56985
75.910416,369.09634,99.92067,399.3843
18.707905,446.37402,43.9494,481.31616
51.326126,429.65033,73.50461,463.92273
50.23536,510.0384,79.595146,550.1906
17.588886,341.33997,40.19624,371.02722
0.0,556.84216,17.214785,597.0641
21.157547,169.17426,46.7334,205.71167
118.5053,561.3717,142.09161,592.0304
83.98352,488.29352,107.21863,517.42816
57.567196,76.747025,83.22873,115.13997
114.57326,445.9956,139.95903,476.74988
28.34848,559.9935,52.842194,590.5929
121.11632,86.06631,147.57964,125.34124
87.71733,619.02655,111.780045,639.87714
