18.08957,227.1452,46.458595,268.77277
16.926346,371.3829,42.91078,404.72025
111.833374,268.4297,136.06439,308.33612
0.0097408295,45.62007,19.505756,91.28722
0.0,504.70078,17.680714,551.80383
55.638447,578.7044,82.129684,613.05695
83.43303,548.01904,110.190475,581.6621
116.85338,508.54462,140.40276,539.9117
121.58754,72.47696,144.83568,107.693665
46.201096,428.8617,75.86711,467.78333
75.62489,346.67593,103.83931,382.98532
90.336365,64.28225,114.625305,98.80865
56.431076,139.08885,80.25206,174.01039
57.856544,15.87001,86.744804,59.73044
32.889305,0.20978546,59.992226,33.486107
19.884628,452.2871,46.541145,490.69305
31.679249,628.38745,55.52412,639.8711
