49.684013,378.60022,72.48299,410.88782
41.84574,127.32117,81.29331,196.64221
76.51051,485.70026,107.56435,525.95465
23.6932,484.1261,46.524315,515.4503
15.056388,315.48718,39.40629,351.9121
115.625626,129.16501,141.01213,163.02551
78.73268,310.1057,104.77315,347.93225
112.41734,307.4721,137.70671,341.25464
54.33011,600.16797,83.21329,639.6533
16.717972,0.0,58.359894,37.14541
47.440926,256.1109,70.72892,287.75507
84.779144,180.05113,107.7516,211.30278
0.09598541,582.8393,22.413326,616.3909
0.0,480.97827,13.336983,513.4262
20.602438,169.31816,46.053825,205.01009
0.20574379,0.06668091,25.705648,17.082737
