116.53615,486.2574,140.74025,519.44916
108.36688,246.3982,131.007,279.7154
50.575012,272.95193,72.23375,305.1304
0.2476368,426.26196,15.811995,456.29834
22.588379,186.0539,46.44748,216.07745
19.316132,395.17084,43.47692,426.31128
57.261772,540.11035,79.962395,571.8413
88.12508,476.48795,110.68181,506.4755
81.695335,415.95386,104.3706,447.38367
90.71802,66.336105,116.28311,105.10733
63.436085,21.418007,88.637375,58.706673
51.398376,425.5315,75.663055,456.71912
52.45152,127.61946,78.892136,161.37221
27.77301,527.2644,51.57235,558.59937
123.45859,0.34317398,150.50366,38.072323
0.0,165.17285,14.3799515,204.44965
0.0,528.5354,13.64246,558.40234
