101.9102,371.83185,130.5606,408.52606
50.83509,346.9377,74.68004,386.32327
84.19006,162.60037,109.00511,200.52719
0.0,213.9214,14.916495,245.60454
115.48111,535.5037,142.86508,571.38776
56.769077,534.71204,80.35596,570.2174
51.63824,176.65337,76.77115,215.42567
0.08488846,0.0,21.95897,23.641136
24.24944,123.95665,48.518444,161.45897
0.031227112,577.32416,20.907852,606.6623
54.297607,83.71289,82.45862,127.18471
89.281075,37.777763,114.63534,76.37017
28.546902,610.4381,53.982456,639.7881
30.84428,11.389267,57.129406,49.555634
0.082681656,95.06052,19.825174,132.01306
83.56416,594.88837,111.58995,633.5306
117.49318,46.21439,147.87502,98.07428
61.89611,605.1898,104.75843,638.641
