76.92893,379.7558,102.60943,412.65405
110.86685,348.6381,136.37988,381.83414
114.26761,193.01746,140.42859,229.35284
86.59352,600.6989,113.96124,635.72015
30.734169,623.8743,58.73855,639.8859
82.25368,215.60515,107.594986,250.96797
21.804842,114.19346,50.521362,156.189
0.0,0.0,24.501986,26.01273
78.05844,264.6557,100.99872,296.22455
44.19574,391.5461,70.26798,425.00156
0.0,78.572876,20.174978,117.51424
84.32059,144.13239,112.4751,180.79596
52.39615,184.81749,76.652725,218.32323
52.75096,538.17896,77.25964,567.26025
114.51224,465.62433,139.38776,502.65546
59.40973,10.781551,84.41986,45.48255
86.063416,466.50854,108.73233,499.27588
93.16558,0.0,117.3415,16.352993
117.67682,77.58531,143.9909,115.83629
88.897644,76.70477,113.20096,112.367096
102.81256,464.47845,139.68498,502.92072
