120.08688,88.56605,146.51154,126.449104
47.92021,201.80917,74.37058,236.71408
113.529465,514.6611,143.31075,555.94574
47.024544,274.5409,72.69554,309.32275
29.066021,0.030563354,56.469036,34.046562
0.13932419,456.27142,16.402052,489.28687
114.2678,155.24522,142.15036,197.86934
20.01601,391.93536,43.505215,420.40894
52.763103,510.32025,76.01729,539.8393
83.565994,497.6437,108.850266,532.0414
52.843117,441.33258,76.01942,472.0689
90.66,23.28147,118.09012,64.43972
21.073174,231.10687,46.93583,265.37897
83.179825,130.56952,108.38678,166.03192
78.87283,309.14233,103.202484,342.7168
24.811033,575.02905,52.16722,616.54297
89.409195,603.735,114.678055,639.81946
110.079025,301.0268,137.23274,335.4007
53.197784,77.38045,79.95442,117.055725
