53.910156,101.358154,81.94734,140.63336
109.26285,307.98773,135.69397,345.14154
124.21125,11.354839,150.56982,48.920567
112.79167,450.64957,137.14754,483.18582
88.724365,600.0685,114.65785,636.9197
0.08534813,465.461,18.349276,494.2025
117.96265,93.56259,143.79318,130.17874
2.857644,324.17053,29.6268,373.17438
118.51056,518.5144,142.9562,551.85254
0.39657974,626.1835,25.122313,639.7877
82.86488,358.58658,106.39702,389.73843
88.124176,521.3105,114.168335,552.2712
20.999474,468.84247,44.913727,503.37543
26.927345,548.87024,49.250328,580.6161
49.02803,550.86206,82.031006,593.6487
