18.589054,267.79553,42.264336,301.67322
0.2216301,575.6658,22.09362,604.9376
26.936285,549.05945,50.245552,580.0465
26.678871,116.3104,50.122917,149.96622
29.1575,0.32434845,59.342865,35.335163
112.57095,428.92157,141.81372,468.26337
121.813835,592.5988,145.59991,624.95245
49.512703,302.6635,72.77548,336.10236
53.39367,474.9438,77.95541,505.68378
23.632889,429.24957,46.951538,458.81097
61.067585,590.8187,85.48836,621.89685
80.96921,296.5312,103.674805,327.7448
0.09033966,209.08345,14.970333,239.56136
83.86979,219.19351,106.803535,253.31992
108.16937,301.3946,135.17737,343.6034
49.68328,178.02304,74.81244,213.96783
80.92436,498.11703,109.2726,534.3248
59.376114,87.618744,83.272125,120.34
41.346565,0.957325,87.269875,37.70407
0.075582504,314.55103,13.7288,346.51575
112.502594,103.32164,142.62924,143.5498
60.06346,0.8517151,87.71454,37.55063
84.8216,103.96066,117.56753,143.93152
