80.23146,378.70673,105.53911,410.45258
80.35632,451.5406,107.78395,486.85748
124.395195,1.7218475,149.76996,42.39026
17.659195,421.13614,42.917946,459.67648
52.484856,506.45,80.62917,543.2215
0.34996605,512.37976,23.235596,541.1776
116.11776,563.52673,146.70041,605.5536
36.93776,289.6031,72.65806,343.752
115.17706,145.16376,144.67798,188.42139
82.850006,290.03717,104.95764,321.1886
24.977037,132.36185,49.368988,171.28683
0.030893326,89.63353,18.236465,126.159195
29.906454,592.32544,54.11199,620.5913
33.704334,251.7468,57.87618,285.02103
112.43616,343.0368,136.10114,374.03442
53.734135,431.40228,77.01892,465.73468
87.80721,554.3947,111.996864,582.99896
23.14116,57.373375,49.799187,97.8399
54.678234,178.45587,79.08574,212.49121
56.29206,89.21661,80.837074,128.10196
91.357254,1.3342667,117.698074,38.436607
61.083565,0.0,86.74354,16.184069
81.78876,149.72327,108.05147,185.02386
0.0,305.5302,11.277657,333.81024
94.85799,619.8351,116.7294,639.9667
31.619997,0.0,55.444702,12.245484
0.011329651,191.7481,12.675895,224.07146
