0.010450363,540.1542,17.37149,573.7981
116.51787,143.1268,141.97807,181.4147
49.79232,362.31058,75.210495,395.31937
81.92149,248.49734,105.545715,283.82315
57.092896,584.9434,80.42421,614.09186
21.880447,458.5849,44.97898,490.11542
85.947754,469.17432,108.577835,502.12964
19.712349,317.33463,42.68621,351.4517
16.841743,238.40717,44.773476,277.10895
0.113983154,30.926506,19.964336,66.09137
116.17738,413.5661,139.67915,446.12054
50.810417,514.1831,76.01978,546.7156
89.1373,624.4595,115.03232,639.80725
112.25195,267.75787,138.63617,304.92273
120.53339,560.9973,144.893,592.0891
83.80562,390.4875,106.26695,419.87213
121.03801,501.48358,143.81917,535.18744
89.48819,8.077278,116.67523,47.64908
51.499725,177.3304,78.784546,219.95311
123.696625,0.07180786,150.75067,37.121647
24.807055,97.95148,50.476227,135.62164
46.579308,299.4163,70.799484,333.95218
0.17561531,443.5434,13.983357,477.7992
45.656563,436.20245,73.660255,487.68854
85.2791,86.809494,113.95221,127.05116
53.050827,84.44424,80.978775,119.39628
