82.040985,441.99084,106.198395,476.4485
0.0,122.46429,18.112253,157.1673
48.58677,269.35126,72.75375,300.4179
53.60102,522.346,77.656456,555.16315
49.830803,420.16614,75.22867,453.48657
83.03458,279.3548,108.185,314.966
110.12361,334.03555,135.63646,368.64645
127.31688,29.312056,153.5436,69.81831
105.355515,493.61005,131.68127,528.3222
19.801361,483.01605,46.614975,524.7651
27.863024,110.92099,52.974075,146.8617
16.880264,323.17877,40.659744,355.404
0.0,492.1682,16.116367,523.46906
61.792847,49.617283,85.522766,84.1568
111.24867,246.66966,134.98286,279.37207
0.0,411.48975,12.253054,444.88245
0.0,278.0424,10.920078,308.41666
