113.66757,235.71915,138.75641,267.67557
18.201416,267.953,41.52192,302.96545
34.78,495.9654,75.15849,545.0196
91.29242,4.603607,116.81528,43.27012
121.7109,540.966,144.884,575.3201
0.16380882,533.84875,19.921503,564.93567
32.32733,434.89926,55.30838,467.11472
79.96658,334.89407,103.39856,367.38083
87.19275,134.12393,113.23123,172.85574
86.75401,532.21326,110.08528,561.9757
80.86153,451.31927,107.18443,485.19452
0.25123596,12.936203,22.76302,47.428
19.565033,359.0853,43.72522,386.38748
121.79341,44.863354,146.88231,83.30611
36.185112,97.88507,82.776985,166.48077
19.37919,145.63605,49.918007,183.99597
0.0,306.73346,11.929726,336.54486
28.845482,54.13239,51.93959,89.07974
30.065788,0.30856895,57.30593,30.900028
122.85899,0.0,149.0909,16.81678
