19.150013,392.52527,43.62019,424.30725
82.87633,372.17688,106.593216,404.8579
48.06279,303.42062,72.94689,339.491
110.17201,465.60284,138.34088,506.84503
19.709492,256.21515,43.92274,287.74408
24.283371,141.18152,50.139664,178.20844
0.017967224,434.86444,15.938849,465.88226
51.565315,218.74838,75.89062,252.13968
51.40795,430.82935,74.93181,463.00574
59.77962,595.4062,86.26262,627.50104
117.28458,90.28226,145.46115,128.27676
0.0,12.385094,19.774351,51.144974
28.90084,70.5916,54.498848,108.1284
90.18271,48.721767,117.86124,89.89804
0.12515545,345.57443,13.547508,374.91306
82.27849,440.88715,106.06415,472.27435
79.80077,261.59366,113.83842,299.13327
27.614128,536.2771,52.285194,565.1687
119.38895,591.3055,151.61166,632.35297
55.14691,136.6145,79.00508,170.30011
99.944855,259.7644,133.88571,296.83142
