82.65132,499.41327,106.60243,531.8531
50.965584,444.17194,75.730865,477.36395
18.761463,474.31012,43.087044,505.2044
118.500984,558.1985,143.51636,591.6802
82.08861,378.2887,105.70566,412.01306
21.97372,231.35074,44.527424,261.3351
50.030563,183.28851,75.09633,221.18317
49.729355,301.86987,72.13789,332.177
42.307465,369.30508,66.6965,402.83768
110.312454,334.8988,133.35928,367.34875
0.1056118,60.272797,21.818613,95.83002
54.269596,569.17883,80.94241,605.26794
34.307514,614.4574,55.22404,639.7987
83.82764,165.01364,109.30553,201.28745
62.61905,11.092987,87.12253,45.237495
0.0,426.97443,13.866436,467.44556
117.88583,72.51157,144.14737,111.336555
28.546944,55.637806,53.120934,90.00404
126.63229,0.0,150.79764,12.052883
