115.56387,204.55835,139.93295,238.01944
50.91752,423.74292,75.01066,456.84467
114.53293,442.31982,137.87411,472.9419
80.18212,354.4347,104.27883,390.30768
20.82077,441.34042,42.611305,471.28348
20.263378,289.0799,44.547207,320.7818
0.22974968,606.385,23.59813,639.4966
57.245228,563.3987,81.19231,593.895
0.32457733,26.778343,26.838257,76.32845
21.807861,164.57812,46.93347,199.18768
60.202137,0.0,87.618,23.440506
120.35779,613.16943,144.4281,640.0
87.389145,146.80707,111.90773,182.26355
118.661255,67.57121,143.53311,105.66377
28.76472,67.19478,52.93516,101.59206
50.852795,121.38955,78.708206,160.2427
93.32546,630.0231,118.19128,639.819
