21.067722,428.6308,43.73254,461.04315
0.0,501.95746,19.392422,541.3852
83.990204,185.37985,107.11577,213.17026
47.037697,364.72034,70.87754,395.18872
51.89376,454.55917,75.00672,487.50858
78.40816,375.01276,102.00734,406.58893
117.476654,173.19205,141.08185,206.53745
113.37007,424.4681,136.6089,457.07736
88.71994,75.95964,112.11908,113.6093
119.76319,581.47363,142.56268,613.072
111.90004,300.61252,137.14566,331.796
61.01932,1.9418793,88.072876,43.46923
0.1958847,230.99437,24.35368,252.61775
24.253918,250.53912,44.451977,320.71002
