0.065582275,130.82304,17.92785,167.14943
122.8826,602.56555,147.99298,639.5405
59.61795,0.109493256,86.058945,31.482788
114.10222,467.77515,140.12251,500.08484
21.332504,514.5266,51.163208,555.865
116.73357,405.27307,142.17955,436.49536
0.03401184,537.41345,23.586502,572.2654
56.198612,95.82378,81.91104,133.66632
123.16259,49.523956,146.99371,85.21472
84.02434,428.88968,107.462326,461.20798
28.552635,586.79736,52.68902,613.93677
60.45466,623.2509,84.89002,640.0
113.71744,170.14777,141.22974,208.67697
76.35979,304.47858,106.17638,343.3902
47.52008,284.05957,73.90329,319.2915
51.918556,454.90454,75.49641,488.75208
50.229057,185.94293,73.400314,217.86908
0.49578285,0.0,24.365847,12.983084
84.07001,208.28879,106.96799,239.95847
43.350113,383.61813,70.57547,423.42233
84.64189,498.62796,108.34633,530.63135
89.442184,598.4994,112.666855,628.86633
87.31611,96.626785,112.139565,132.42198
55.73608,503.96375,78.93793,532.4684
19.508022,406.52106,43.500423,437.85834
114.59796,317.6397,138.18152,351.83307
124.226685,0.0,146.86597,12.191763
