0.18820572,67.325165,23.545904,100.2303
49.50422,437.0244,71.946075,470.08472
0.12504768,551.6092,21.726084,582.73456
115.031006,475.64313,139.80164,508.3294
28.113472,33.34072,53.075455,71.18439
83.56509,469.92493,106.78237,501.47473
112.2045,364.52103,135.4924,395.94858
0.02438736,153.34863,16.099289,188.18707
90.69038,561.49207,112.3769,590.4679
25.431278,142.32925,48.48287,174.5983
94.437614,23.755014,121.01183,59.590065
18.208996,379.3573,40.60612,412.76294
28.701096,592.8611,53.123917,625.1698
115.35501,157.07254,139.35637,195.13522
54.01718,206.86183,76.364075,237.47868
75.08093,245.10301,106.52481,292.792
18.600906,332.07196,42.14497,364.61438
49.89749,289.22687,72.585266,321.97162
0.022914886,600.80237,21.065422,639.74866
60.310028,563.687,82.96005,591.9302
18.434414,232.75168,45.998585,268.18094
58.634323,139.99846,82.54491,171.98491
85.09677,126.24555,109.54869,160.75513
121.25445,606.96985,146.20508,640.0
0.022472382,297.68378,12.120021,332.93347
0.0,442.5182,12.083864,473.0183
