0.0,541.37445,19.599073,576.04266
18.69197,262.3188,44.27649,298.833
78.9191,311.72122,101.94379,347.86514
50.358734,360.127,74.093254,393.419
0.0055179596,127.89075,19.181442,165.3563
58.81341,598.72205,82.133575,631.54114
20.01735,429.56516,44.676125,463.3679
26.598986,556.18225,52.099503,589.7273
111.50841,421.371,137.75539,455.27457
123.31053,55.576946,147.21684,91.37547
119.779915,539.6305,144.02606,574.3307
53.586716,501.69495,78.184525,534.38965
90.37628,31.560837,116.54616,68.934235
86.52249,497.00107,110.17221,529.2367
62.512726,0.0,88.70317,14.456789
