108.64284,330.6801,137.60365,368.45978
20.388733,312.88547,43.80439,343.46292
14.490831,75.8141,50.96222,134.04736
0.0,195.49533,18.3429,228.90063
86.982666,525.84973,113.19415,560.1085
119.04211,544.7306,144.99939,579.5608
46.898468,346.61694,71.58895,379.4325
46.231857,252.41788,71.45458,288.52908
82.803024,429.88443,104.55701,461.39066
52.345642,462.6344,75.61173,493.79724
60.286728,0.0,86.0464,37.746056
3.6592407,482.086,49.36329,540.39105
3.9618979,437.01697,28.071571,469.56836
0.008283615,597.88666,20.231808,629.4672
0.4167328,55.28451,24.90263,90.01343
84.46309,163.41992,112.12157,198.2377
122.03379,27.082344,149.01633,64.540535
58.508034,101.66153,82.43595,135.88412
35.80848,564.5459,84.295204,632.3684
115.51378,117.20665,142.58669,152.99812
