121.42505,561.56934,144.09106,594.896
0.017620087,515.04285,18.6862,543.8744
48.741386,226.3273,72.3013,261.4158
113.214645,327.323,136.17934,359.3457
82.09393,400.15137,105.2695,432.28186
19.512768,249.73547,42.8951,280.63904
82.48758,578.459,112.92581,613.80945
19.357952,400.308,43.68562,431.30173
117.18286,461.73615,140.25824,496.2624
47.077118,335.9662,72.224686,367.8136
0.46845245,0.0033855438,29.451931,25.208387
114.40251,135.33069,140.69681,172.04425
30.689186,618.3917,55.103012,639.66284
108.996826,236.16708,137.49248,274.6947
123.56874,0.011074066,147.58427,17.970802
83.70668,230.10455,106.12068,260.49542
25.257719,134.49786,49.411194,170.34851
0.0,148.7127,15.59951,181.65536
27.78228,33.557587,52.76329,68.43416
90.62671,86.459,113.73668,125.794205
51.53768,54.048355,85.09811,102.62453
122.60658,629.8023,148.74321,639.97565
