18.963142,351.6424,41.475014,384.1718
116.65614,505.66815,142.07927,534.4123
114.19908,290.27475,137.69928,322.82272
16.500633,563.651,54.42536,605.0554
0.08442116,0.12971115,23.290209,16.689232
47.589325,345.56354,70.11549,375.20807
83.55993,170.40646,106.90029,203.26529
19.99596,216.34799,43.562035,247.07791
117.18965,112.89545,142.91084,150.21344
80.977585,517.28705,107.9668,554.0229
50.98697,191.43466,75.162,224.21207
113.35959,435.35657,136.45676,463.19373
93.18492,31.295036,118.69026,64.768875
21.67724,445.52063,45.31658,476.94055
77.433655,365.26947,102.58865,395.96924
73.63325,284.85526,98.419304,321.07663
29.426844,37.459526,56.736366,73.3093
91.24251,625.9167,115.43773,640.0
60.72704,594.4803,86.91084,625.9299
53.725357,42.662575,83.739105,91.05004
30.239225,41.02713,83.63545,87.729126
0.0,477.31677,12.068971,509.029
