15.053239,353.1742,42.39924,394.59375
19.119993,467.33295,46.3356,504.75092
78.99353,395.60065,103.183075,431.83234
114.94786,476.19067,139.25616,510.72534
45.795547,295.32816,70.15999,327.09213
59.148125,26.586823,84.64971,66.22034
30.240145,0.0,56.58571,21.375034
0.0,187.4708,17.633272,223.44766
27.459816,613.36633,51.51053,639.8097
79.06529,281.75458,103.6335,319.35187
26.398457,167.05453,49.92802,197.39096
51.961483,229.29572,76.500854,262.13385
50.95941,494.0906,79.38408,532.23584
109.438675,295.12195,137.80383,340.1803
116.25783,88.10347,145.49019,126.08211
60.655647,623.4469,84.51707,640.0
89.996895,74.47826,114.03507,110.0163
74.8309,496.95828,107.9498,537.0288
60.17138,497.62848,108.10734,537.16473
