50.23429,443.89435,75.44137,477.36334
110.5533,464.57257,140.6422,509.33826
28.960701,625.41455,54.869507,639.81274
0.12297249,99.230286,15.889391,137.02914
54.98541,79.974075,80.23721,115.74602
20.627752,469.6253,44.192345,503.7033
49.0645,243.37476,74.29866,278.70605
18.400097,290.84064,42.009853,323.2735
84.02555,381.68365,107.74799,417.11896
89.24332,42.772125,118.082886,82.14758
23.81161,187.4881,50.14164,226.54144
89.79057,618.41766,114.54701,639.95953
111.98276,558.63513,143.72058,601.19714
124.34782,43.912895,148.64249,77.48915
16.170464,0.18635559,55.815506,68.57428
77.95323,227.31491,106.11972,263.90097
19.987473,362.27753,46.68479,395.15997
0.12400055,441.50098,14.060453,471.7483
45.525703,360.72122,74.516106,399.33847
0.0,384.99838,10.963554,419.49203
