14.102245,364.73672,36.478996,394.28543
16.814095,234.6307,40.072784,269.45923
49.652893,442.09015,71.885895,472.3554
82.43126,432.4713,105.458954,463.5304
114.52593,151.2048,141.8919,188.67526
46.548744,331.81955,71.218506,364.496
90.340805,74.07976,114.68727,108.19237
25.87561,491.47894,47.238678,518.3486
79.59577,286.67242,103.540596,320.8886
0.15967321,579.7547,15.918081,608.4028
27.339067,85.80581,51.562943,119.911674
109.850204,412.7647,139.96112,451.16827
0.6378403,0.108511925,27.832329,15.540037
123.79802,0.18178177,151.51765,32.716904
31.532303,584.5652,54.894203,613.8013
123.699005,625.656,149.89667,639.8721
0.0,186.55084,13.668196,218.50122
58.382984,67.43485,82.006516,102.25321
56.93269,594.2279,113.70735,632.81604
50.229733,160.27167,79.5336,198.11658
84.3093,170.18845,108.4831,203.68268
57.588226,593.7371,100.02809,630.59174
82.75589,595.03217,113.716965,632.94354
