0.40545845,2.8175964,26.756596,35.70569
42.27098,361.5952,66.5112,394.5078
16.173302,323.51025,43.032898,360.20844
84.28989,558.1681,113.72183,599.9049
115.689285,219.66663,138.91197,252.03656
84.36069,468.66876,109.05835,503.1004
82.45421,189.3806,108.496475,226.45488
19.646305,463.50125,42.926502,492.50778
50.621353,546.1123,80.50281,585.2051
1.4560738,601.1559,24.892736,631.40063
79.36832,309.40576,103.78079,342.3094
22.452293,540.1831,49.888466,574.9159
0.0,86.775055,15.945393,123.58659
21.725088,180.46446,45.82177,211.49962
122.37698,90.706894,146.57294,126.647385
121.9188,11.479725,148.83731,51.71331
53.165615,129.02802,78.03235,163.42743
28.032108,35.95205,53.733875,69.41075
0.0,309.69617,10.387005,348.98804
68.180664,11.800098,94.53319,49.54288
0.0,309.33966,14.65191,348.50458
