0.7757416,6.889042,25.44262,43.60725
118.5087,192.22635,140.16049,223.37015
0.15236473,549.40216,18.223404,581.4987
18.338982,210.36469,44.66889,248.89008
15.939892,459.28564,43.23751,493.052
0.14004707,89.27507,22.417543,125.67653
18.62999,304.66052,41.542576,335.59216
113.35188,272.8067,136.49896,306.24225
79.61731,301.85004,104.68106,339.9272
113.51477,470.201,139.21942,503.68878
77.89746,435.34485,105.9657,467.6942
53.164017,467.466,78.91977,500.2448
83.82695,171.93115,111.56978,212.12988
90.80356,532.0261,113.3156,561.2158
82.743355,377.6004,105.79899,408.3686
110.41298,402.8431,133.148,434.25467
29.24837,2.5630875,59.258484,45.402565
24.371635,113.76962,49.852753,149.70288
36.535194,360.86804,66.4496,398.21844
92.35524,9.513638,118.36578,47.959408
51.585632,188.50098,76.56735,223.2525
50.07128,288.01254,73.2044,321.44827
124.10248,0.0,152.86691,27.992182
25.315804,529.78174,50.09475,561.3655
118.81747,97.552124,147.2239,141.58786
122.26471,587.4933,146.8081,617.7943
0.0,618.26984,22.081692,639.84454
55.165047,82.39033,82.77709,120.52476
92.28056,595.96045,116.233475,629.1162
52.1302,529.5084,79.56679,565.6881
61.58287,613.27234,85.00488,639.7897
0.074751854,324.1122,10.823261,363.1456
