50.7965,276.75836,75.63885,308.0838
56.415485,568.6373,80.04152,598.24744
27.512835,587.2285,51.64026,620.3579
0.0,514.9596,17.775692,550.7931
50.92244,489.09296,75.58077,520.6762
83.66905,503.02945,111.2303,538.02527
123.061905,91.85114,146.58449,127.30555
81.011246,263.7049,104.30675,297.08417
81.02791,400.7109,104.24028,429.68277
44.75209,342.66855,73.16493,380.2471
122.50475,555.54333,146.8819,584.2887
0.22456646,198.5528,15.475946,241.88165
87.22465,96.615875,111.44514,133.56973
27.228472,73.15849,51.89673,115.41792
20.633575,184.0512,44.613922,219.99696
0.0,93.108154,19.92529,129.35872
56.37866,114.92523,80.5072,148.98901
0.0,580.2728,13.889906,611.0282
0.0,275.05417,11.384657,309.88248
1.1053505,385.47394,42.09846,433.73395
