79.69617,288.9799,102.91086,321.41672
19.181595,245.4093,42.47303,277.3952
51.653923,177.65778,74.86625,210.50604
113.994095,168.14185,137.7017,203.87762
48.44017,474.5163,74.75648,508.19684
50.58851,281.8277,71.890915,312.94568
20.178608,380.3999,42.653595,412.02698
58.470264,44.538826,85.05727,82.099846
82.82683,443.18793,110.724686,477.91522
109.18437,317.99225,133.56538,354.3969
0.20896244,530.7519,15.822574,561.6552
92.170746,582.74036,116.49907,616.6505
88.855,78.740616,113.58584,119.66313
126.339645,0.0,152.52632,12.368126
0.0,320.11584,12.996477,354.64246
0.0,400.02985,11.770814,428.83435
