116.302155,491.74908,140.25009,523.28436
19.79998,188.12213,45.393105,222.88745
55.55113,517.9669,79.081375,549.41394
0.0,501.15332,16.109343,531.2528
50.921867,397.66922,76.17327,428.49167
89.03929,548.575,110.497604,576.18744
78.15146,418.94064,105.74362,456.1898
0.0,120.371506,19.777489,153.33086
20.419287,348.42407,44.56713,379.56128
30.76212,29.10953,54.894283,63.72487
111.13376,330.19974,138.33229,371.2545
23.84661,491.24432,46.88517,520.47675
0.03099823,234.29562,14.677002,267.07443
50.69301,223.0351,74.7109,256.9149
61.880096,613.0943,84.17482,639.8216
64.50053,4.7478676,89.359535,40.401035
87.794235,120.78467,111.234024,157.03488
25.079285,582.7074,55.239,624.1763
0.10748291,615.4049,19.908154,639.8008
83.40265,205.67834,108.363464,237.91898
54.547607,97.13461,81.73633,134.31494
119.16196,8.85009,148.64517,50.962402
108.43031,196.37405,139.29396,238.74753
