107.64618,177.55396,141.91751,222.35474
83.639175,427.69385,106.521774,459.63525
26.204592,49.505688,55.030533,89.97887
109.62854,391.0434,135.43332,426.5213
80.15653,335.14276,104.31539,370.1607
19.664852,404.27368,44.05267,435.726
52.656403,151.04546,76.82611,187.16148
59.407654,24.527067,86.3011,63.48558
0.0,80.932884,19.59875,117.38473
41.178062,464.84998,63.33972,495.3064
117.210785,560.3735,142.65256,594.3338
0.0,185.84198,14.438315,232.33066
0.0,463.87567,15.445086,495.48407
91.75811,597.03687,117.26751,630.2815
36.89588,543.68945,84.369774,623.9619
11.160915,544.4241,35.61785,578.6825
59.458496,545.9301,83.93268,614.3151
