52.05832,493.9571,79.432556,527.0158
18.36871,347.9546,42.554264,380.77087
109.49727,347.05414,133.33241,380.0534
0.0010948181,49.873856,21.31588,86.34161
115.77405,473.86566,143.78696,512.18915
50.93622,203.51825,74.018845,240.82913
115.239975,205.20398,139.0696,237.9928
78.35565,390.35638,102.8967,424.3581
81.81793,517.7773,108.17258,553.01056
24.491177,129.25128,47.555965,162.03821
80.53666,125.97471,105.08346,161.06473
22.583363,474.2838,46.346478,504.4674
44.24582,298.17285,74.12944,341.3308
16.423664,236.81427,44.181763,274.50983
81.98718,279.13318,104.47519,309.97754
60.096275,579.28296,83.73991,610.4939
10.275948,582.5687,53.40155,639.4332
117.532745,111.62132,142.98547,147.42647
