81.924774,361.21722,103.582275,390.90753
114.920944,259.7034,137.56952,294.6956
0.24650002,35.07579,22.214657,71.29237
116.270546,89.02365,147.91537,132.75246
28.606728,4.2269745,54.237076,41.308968
15.111702,433.0097,48.48934,475.1308
79.35535,236.82156,108.78949,276.5076
51.66842,444.25635,75.05374,478.37463
51.44313,208.29034,76.50624,241.99915
50.158173,344.15585,72.605865,374.98856
19.905293,338.9897,43.609844,370.70306
27.696499,147.62964,51.3233,179.0664
53.137886,536.51196,79.24506,572.0896
0.2772808,575.2606,23.203278,609.42554
95.76643,0.03967476,120.0614,19.110014
0.0,328.85815,11.007912,360.7403
62.19483,36.633835,86.55576,74.96814
82.32822,522.76074,111.32056,567.4778
121.10263,601.77356,146.2734,637.824
26.89675,566.7318,48.878014,594.53406
0.0,329.19983,16.324673,360.68793
