114.38695,259.8027,139.55853,295.7592
83.47476,548.2193,111.38254,587.6175
24.184175,1.8823891,55.862732,60.435585
123.73589,562.4144,145.88068,589.89575
46.107315,351.94476,73.484375,387.99713
31.108429,588.4279,56.42656,620.8295
112.223785,384.55914,136.1948,418.0025
46.09822,493.49594,76.94833,532.2313
78.19516,296.33243,103.410645,327.21304
77.43674,395.9129,104.45703,432.4964
22.666595,470.61075,45.050278,502.73087
0.0,260.11914,14.955872,293.16748
83.82559,115.52402,111.48753,158.60855
62.41073,11.078369,88.46468,48.192337
24.833817,158.18521,48.964966,189.8775
52.248833,144.96175,79.19128,183.23964
0.0,166.93002,12.584567,200.90274
