51.163406,578.4163,82.3999,616.0274
81.113976,428.42285,105.788155,460.61133
32.310196,522.49805,55.108765,552.90967
0.095869064,518.2272,16.785444,547.8646
48.967247,396.9084,73.6236,430.80524
113.40584,234.36002,138.40163,271.88898
20.61007,424.35388,42.84973,451.9455
77.17398,298.87024,108.55301,341.62476
19.741394,258.23825,44.072502,291.9495
118.910034,554.4304,143.1077,585.0637
113.17943,415.3622,140.63356,451.44485
89.33748,0.09740448,118.43442,37.206314
30.822586,94.68683,54.379387,128.2139
0.0,375.02075,13.696752,404.72974
119.49087,54.01654,146.0994,93.15765
58.822777,46.776062,83.988365,82.059326
0.0,260.84268,11.806742,292.37143
