0.0,552.3331,19.255508,585.2013
45.348785,330.0772,68.86901,364.5042
23.713129,473.92963,46.97236,508.3593
86.94039,554.0989,109.91248,583.15405
81.20442,335.99863,103.72583,368.90787
20.841728,255.479,44.82408,287.10834
88.86244,55.669704,116.68822,100.46457
117.97807,517.8439,143.19469,551.6322
81.33052,216.53076,104.04448,248.69714
0.029563904,134.27051,16.907612,167.75092
40.87596,566.7957,69.31963,600.4262
109.96063,219.19861,135.05658,252.82574
54.938896,0.0,86.57081,36.18283
53.508347,150.24367,78.49585,184.99751
0.4601822,0.09043503,26.497295,24.794243
120.44229,135.02258,143.24573,169.70593
25.004456,99.93317,50.287415,132.90775
0.12880516,448.92792,14.102438,478.63837
0.0,308.03046,13.12667,344.9416
123.82619,0.0,145.91237,8.673393
