79.62001,379.90613,102.62038,412.271
18.271526,358.64178,43.85255,390.41772
50.579887,238.01715,72.755745,269.1086
115.05066,453.63727,140.18369,488.77838
109.07706,205.71565,133.09198,239.122
1.302063,609.95776,42.33882,640.0
26.32496,145.30592,48.316124,176.2325
26.678238,494.00702,49.314186,524.1717
65.623535,0.04471016,89.53996,18.234097
50.533073,393.0908,75.336945,424.4542
0.0,132.03897,15.754158,172.00998
54.984882,508.3997,78.820114,539.66797
55.785492,89.3177,81.23338,123.953125
87.34476,440.69,108.41989,469.52008
0.0,395.57294,16.267849,428.18927
92.57963,21.167233,119.61875,60.436543
95.806305,625.426,117.952805,639.77856
12.024372,611.07056,54.82468,640.0
31.350767,611.1332,54.856476,639.5675
57.785686,624.35376,85.17799,639.9353
