46.842834,281.51807,72.76787,317.3064
120.30435,502.46832,144.8233,532.5833
1.029707,610.98596,25.145939,640.0
28.211662,603.44885,52.919655,638.66833
79.236725,233.74411,103.75668,267.91806
0.12947083,457.86142,16.667122,492.37338
107.72029,396.58804,136.42964,436.91336
0.30094337,0.0,24.13252,29.019663
88.74437,600.3222,115.80954,635.123
123.32676,42.75567,150.04214,83.8394
22.954859,528.5426,47.025505,560.38586
76.005325,358.56506,105.67023,397.6172
84.275826,553.7175,111.618034,586.62134
0.066734314,57.26184,16.623793,94.41313
115.65179,128.94528,144.83093,169.19168
76.04103,304.25006,100.11873,339.69568
47.913124,237.20831,73.713684,272.19553
54.1463,103.80763,79.74791,140.16673
117.10843,189.77133,140.37915,224.6669
56.29956,551.8704,80.61987,582.9239
18.05386,389.26477,41.581047,422.53528
115.93312,250.66264,140.57469,285.0821
25.964182,94.04187,50.429024,129.77962
0.10294914,136.07106,28.018282,226.93254
52.84472,487.687,78.71328,519.6809
20.639397,445.0252,44.134933,475.94116
86.78554,490.81036,110.00807,521.34283
91.99685,0.0,112.83994,9.142311
17.952488,238.23834,44.605015,271.95
