122.77493,577.3314,147.98962,608.2743
18.608643,338.2518,41.686356,370.80637
50.879738,385.21442,74.42332,419.3791
0.12679482,490.95026,16.42267,522.2882
0.0,595.44476,20.502693,633.08856
83.7385,509.52704,109.640526,544.68524
109.534485,208.56079,136.8059,244.68622
16.74368,253.31815,41.307606,288.42673
48.256683,240.2507,76.06263,281.11777
113.56363,395.2469,138.81952,429.09576
80.44954,396.56778,106.52907,437.02634
19.319088,408.49777,42.20966,440.07846
79.52359,275.29416,105.88223,311.69296
17.842842,49.052204,54.273926,106.893845
21.923067,163.61414,46.847107,199.16028
53.668083,500.28375,78.434654,532.39276
86.18184,109.30321,111.21648,146.6104
28.13689,511.3422,50.227215,537.58875
0.2751541,35.908676,23.76588,69.43407
18.605476,0.20768356,58.330635,56.464176
