18.510166,416.35916,44.331963,451.5798
114.74562,280.86658,138.11354,311.72144
80.640076,329.4529,102.74655,363.10117
59.13196,562.3727,82.02063,593.0255
46.20643,272.12665,71.150154,308.96246
27.580315,549.55743,50.498962,582.19977
25.619099,47.140827,51.062244,93.734085
115.280304,107.71001,140.28452,142.19884
116.18814,503.50818,141.07065,536.0708
0.0,548.4345,16.509014,579.78375
86.3192,516.1132,111.33385,547.2974
91.19171,0.0,117.088165,20.415289
82.83475,156.36508,108.266785,192.8422
59.20147,91.310074,82.999565,126.21797
122.18005,623.3306,147.55972,640.0
0.35994434,299.51007,13.376859,362.19147
0.0,308.50153,15.51353,364.87115
