16.546883,379.74426,42.411617,413.76868
0.0,141.73117,19.709866,174.00052
84.01378,547.3024,111.61772,585.87274
112.93413,252.8699,138.19983,288.8309
114.199646,450.35855,141.0473,486.18057
124.83928,608.7232,149.92622,639.5019
48.47663,289.7506,72.81149,323.26233
78.69434,235.11975,104.75445,269.46268
81.376816,411.51477,106.2077,443.0022
25.39067,533.85706,51.454987,571.6493
121.36312,114.12308,143.6348,147.9472
20.433624,198.54361,44.777298,230.30698
80.31226,330.5152,104.27543,362.38855
123.27542,20.099754,149.05011,61.553284
0.0,58.72983,16.814629,93.4975
19.430027,304.68317,44.369175,336.74432
24.975563,108.96301,50.539078,144.76733
13.998138,448.1654,45.89661,492.2682
63.076397,587.0559,87.29671,617.4397
51.035885,216.45969,77.76767,255.77188
49.91371,368.8092,73.49063,399.24512
83.881546,154.29135,107.534164,188.67288
117.121735,188.7301,140.89032,222.00925
51.859104,495.0504,77.229614,526.6034
58.68773,19.029837,85.501175,57.012825
0.2577629,613.42664,23.67036,639.57214
28.208742,47.117188,53.609695,82.30881
26.216537,615.18445,54.870598,639.89636
58.714844,85.328606,83.57486,118.41375
55.06208,164.09067,77.52895,193.49435
0.29109764,0.0,19.505339,12.14895
92.25415,630.88257,118.041534,639.8889
