18.579758,323.7019,41.18621,356.6765
91.41907,524.7746,115.43637,557.5091
19.660522,187.36334,44.004196,219.22437
51.26866,223.43262,73.49833,254.88861
110.1196,262.29703,136.74896,298.9495
116.45712,100.19803,142.54291,137.27649
80.3188,384.88446,106.96727,420.95184
47.637985,420.53952,72.47521,455.89688
0.04953766,623.25885,18.256575,639.7315
24.373192,589.8993,48.574615,622.29333
54.457184,115.26434,77.91687,148.25021
82.31043,222.01648,103.94994,255.69147
90.07582,15.067427,117.96236,57.425507
0.0,483.4665,13.942581,515.953
62.637947,0.0,86.826256,14.922383
0.0,270.92224,13.029934,306.344
