0.09721756,100.80278,19.107454,137.94258
19.35955,217.67296,42.393288,252.52028
46.745346,260.9624,70.03396,295.19806
110.857666,313.4937,137.07324,347.3097
51.85446,397.62448,74.361694,427.67416
80.58502,298.28757,103.54782,330.18594
22.463814,435.0628,47.38517,468.12933
54.3496,474.30804,76.91862,505.40338
0.0,392.24857,14.544215,422.68094
112.63127,467.37238,137.5652,500.7569
116.537964,158.15262,140.77396,191.83926
84.00824,396.4766,107.06169,428.21445
27.196047,39.025146,54.371597,77.93617
45.282707,163.30838,70.95792,196.39719
25.561626,532.7969,50.738422,565.3545
84.46059,506.35004,110.558426,540.0374
91.60745,587.5316,116.29802,615.80896
57.50546,109.98627,80.30841,143.16827
120.67317,541.66034,144.79402,574.9776
60.663563,586.95483,84.38606,617.18726
27.871698,595.38293,52.974205,627.77673
2.0661812,592.80945,25.758343,620.50244
123.518036,625.7424,148.33505,639.9228
87.67415,33.433716,117.663345,84.78023
63.7222,35.355095,88.26396,66.98342
