46.244133,314.11627,69.2415,346.6115
110.551315,364.53564,137.49403,398.46277
80.44673,352.4894,103.921906,384.2283
18.109482,268.02924,41.917366,303.1089
0.0,162.25171,16.300648,196.9707
1.8688622,8.111649,26.31149,44.19245
115.22519,513.7391,139.04626,546.2664
0.12235069,441.06335,15.856668,472.58752
25.523859,99.37698,50.90618,137.69588
114.73154,224.31837,138.10864,255.48119
122.3401,586.6432,145.98924,616.77356
120.95359,16.656303,148.36856,56.951622
24.335148,483.40363,46.368214,516.256
52.56526,450.12448,75.08873,479.49002
88.223785,555.31757,114.392944,590.8514
34.833786,3.9871063,58.923935,38.121933
85.32279,449.15732,108.796425,477.68564
34.621704,216.65701,62.49582,248.61935
56.345894,522.2655,79.66247,553.6527
60.736374,86.94066,84.61746,117.33034
29.83075,578.3808,56.098167,609.24054
66.293945,11.692436,90.289185,45.379265
0.08047676,500.2256,14.166511,539.0897
53.7813,162.33582,79.28813,199.043
92.388824,0.080394745,118.19675,32.251328
83.31878,94.79295,114.36057,146.06746
0.0,321.2506,9.009161,350.67792
