75.51044,452.81055,104.783264,490.59863
114.3734,332.9766,136.47003,368.6898
50.4579,211.39336,75.01555,244.48634
1.3178387,6.5603104,24.090252,39.39528
23.971916,501.82288,48.462143,532.1267
28.761131,605.14124,55.296165,639.11487
80.92915,266.16428,104.93794,298.48325
114.88631,190.6958,138.4655,223.86426
53.71884,529.3804,81.75917,565.7117
21.064238,265.10345,45.120483,296.88397
24.536781,116.13227,49.75673,149.92029
115.37132,438.3598,139.40825,471.1255
0.114212036,374.88858,13.809876,405.14175
124.09915,606.8243,149.99149,638.4355
116.87013,508.0037,143.011,542.4346
31.104105,0.26551628,58.682793,31.62554
118.67601,0.0011863708,147.66313,29.134478
53.355362,93.70163,80.601715,131.04002
88.53378,579.90173,113.08765,610.02795
114.84744,88.27603,145.16562,131.64102
0.0,618.89355,25.598803,639.83984
90.96942,87.31602,114.60947,118.71308
