120.46361,563.24646,146.34209,596.4667
14.26902,249.76968,37.437836,279.25137
109.76126,269.32553,137.25652,309.47336
91.88269,52.549812,116.11566,86.579155
26.826883,551.2916,51.5944,582.08826
50.120644,222.0007,74.53279,255.78299
0.019207,58.864487,20.934738,91.643585
117.56879,486.9837,140.85577,520.4452
0.017175674,562.61005,16.379843,592.06146
47.1756,336.74353,70.10377,367.38257
80.57251,463.85687,107.36557,502.3697
122.69267,28.220802,149.52342,67.0164
82.02327,168.5971,107.639404,204.64178
30.934982,584.08655,56.46682,616.19275
20.648586,379.31552,44.182163,406.2344
22.688362,116.60492,47.289574,153.82495
78.859375,314.84027,102.561966,346.8927
50.2309,480.84363,78.723724,518.2428
25.179255,468.2115,47.69416,496.65765
90.02092,591.4929,114.63463,623.8666
56.34834,51.14891,84.50676,91.08713
0.0,161.28337,11.804924,190.2881
