80.957756,370.9135,105.26348,403.36713
97.48064,216.35414,124.72548,250.75008
51.322296,396.77606,73.23226,432.03998
115.20303,478.92944,139.54056,512.2784
51.38289,501.6194,79.57385,541.5359
24.182781,211.29822,47.192074,244.17291
0.0,543.7098,19.211897,572.39923
112.48671,286.24127,136.09785,319.956
86.833466,506.87213,109.31189,534.10065
57.744125,595.5762,86.31616,631.7627
20.158127,120.855095,49.990234,160.4596
0.031350136,311.06393,15.101817,341.80112
23.57577,547.286,46.464012,579.3771
119.55567,591.0261,145.52972,623.38965
119.227325,45.511982,148.71521,86.629166
57.304787,0.032341003,88.05097,38.98049
29.74887,26.809906,56.39116,63.918182
0.0,152.37164,14.678465,189.20807
51.880516,149.76186,78.54467,185.8972
81.455765,141.54617,107.875534,180.06168
0.0,393.86438,11.848249,421.5647
