31.460617,551.3331,81.14779,604.42126
50.457634,243.338,75.50541,277.64014
82.97407,216.42642,106.97318,248.975
115.97986,116.50809,142.35483,154.50821
21.773058,211.74539,45.609344,244.72784
20.871683,472.80096,44.875908,506.29913
0.2717476,52.765583,23.117271,90.875656
81.9527,456.27844,107.79089,488.99292
16.603264,400.72443,42.011147,438.04053
0.0,564.44025,19.710983,594.0739
54.714836,155.73764,81.13529,190.29605
15.279681,335.3485,39.046795,369.28406
110.2538,402.86432,136.51343,438.52155
109.503555,270.99564,134.31355,305.6904
22.741615,129.01993,47.25231,163.25394
80.48834,270.74213,104.45903,305.64545
116.46695,566.80133,147.54291,608.46014
52.12355,445.6089,76.378845,477.2937
26.409433,53.04329,50.31835,86.091995
0.13748837,479.39102,14.804403,510.31277
90.3497,16.254559,116.569275,53.524418
47.312225,318.93164,72.9286,351.26068
46.479248,379.4676,71.525055,413.73615
59.477417,0.15856552,87.42854,32.84671
76.764755,329.70367,103.78163,363.89154
88.59097,128.24146,112.80731,159.22269
124.36864,0.0,148.78502,27.64738
92.24144,599.1644,116.756546,635.1334
