80.86228,291.97443,104.59989,325.31744
0.15785217,115.43136,22.704063,149.31845
50.780678,228.64792,74.15272,263.7744
114.233795,380.3584,138.04272,412.2434
81.1384,394.1964,103.70804,425.73047
53.550766,549.724,78.48477,580.3578
121.9237,103.63182,145.99005,140.57158
85.67471,116.21506,111.02881,150.31958
116.88511,529.9109,140.56485,557.40015
23.680838,164.53082,46.632317,196.19647
84.37213,574.5956,111.343445,607.0419
30.027,6.612831,55.692955,42.092793
52.277374,81.67819,78.8716,118.97821
27.949085,599.98145,53.052876,632.7722
122.49412,621.64044,145.82199,639.9677
0.020166397,411.4495,23.160141,436.86575
0.0,411.69287,12.055722,434.7682
