113.57712,316.39648,138.13278,348.1753
113.65279,384.69272,137.37648,419.8705
77.03987,443.3224,102.022446,475.3648
80.35289,348.94202,103.48387,379.2182
82.430984,145.07935,110.08592,182.70221
20.624664,464.04053,44.73722,495.03113
51.52166,175.0118,74.9485,208.93971
23.827063,122.638275,48.764885,154.1647
27.654245,0.08279228,56.464317,30.617186
52.983124,517.0763,76.09552,546.7916
88.85448,576.0529,115.82976,611.8848
15.64639,299.67682,42.39645,334.67316
64.3232,4.223751,89.34801,45.04217
120.902275,133.45569,143.62561,167.91718
0.0,256.24536,14.899921,300.3465
122.468155,25.874443,146.68181,61.167625
0.12998772,577.3832,21.636543,605.2455
51.799286,600.0193,82.765396,639.7815
88.73947,39.93746,113.6646,76.16424
