116.01454,551.8982,147.88573,593.62305
15.490234,390.13348,41.475166,426.45856
31.669275,544.022,79.91517,595.46497
0.2543087,35.843834,24.38618,74.91325
50.743813,232.46649,75.272606,267.5423
83.62879,205.0082,106.884056,238.99928
92.4868,2.6875381,117.594284,39.53383
109.480865,258.03568,133.56262,292.40128
0.0,553.64435,19.278734,580.6757
81.47543,259.2681,104.22037,295.29904
51.799576,436.85718,75.42118,468.79688
55.96351,144.63431,82.20948,179.2706
20.188286,461.0619,43.801746,495.91418
21.610592,199.71051,45.918034,234.03006
14.902473,325.8289,39.418503,357.9329
81.43938,444.03967,108.40584,476.6499
110.668625,388.4928,134.00241,424.41077
59.80618,0.0,87.01962,19.480421
89.03781,113.991455,113.39409,148.40268
23.402931,114.200775,47.73436,151.90982
116.54663,103.23842,143.78357,142.29851
91.7334,588.5053,116.05676,619.0777
126.31359,0.0,148.87372,13.164239
77.074745,320.62506,103.31002,353.22394
47.49273,310.17175,71.95576,344.06036
0.0,467.25397,13.316829,497.2829
27.061293,41.323715,51.549942,74.23039
46.83641,373.3391,71.3367,406.14868
