17.902317,297.96387,41.598907,330.5575
82.19014,184.4223,104.35918,218.20581
17.781654,396.14655,42.787243,428.67084
50.87918,471.27417,73.76145,503.41602
120.80519,81.421906,145.9922,118.867676
86.6136,547.9232,111.13075,580.8834
113.63756,278.56335,136.98787,312.6018
121.89272,563.70184,144.94516,595.8183
49.344376,235.05695,70.61456,272.80438
0.087265015,550.89655,16.360237,583.5101
29.107681,592.0749,55.175293,625.7625
59.006596,13.08919,85.09494,51.392456
49.897743,128.71248,79.14747,169.09254
0.0,423.22992,16.023563,486.18744
26.291594,17.606186,53.41855,52.505173
109.96199,421.2893,139.81847,461.32837
58.94722,595.1103,84.50766,627.9301
92.185486,4.6706696,117.051025,44.609947
