0.72735023,3.881462,23.775969,41.649704
83.614624,443.87527,107.35831,475.5776
0.12078476,567.3318,18.208614,598.38916
51.365356,403.03198,73.01341,432.9635
116.48112,422.8348,140.49918,452.15262
18.301353,244.15428,42.04997,276.12463
116.58746,600.8122,140.89352,635.8233
18.44149,339.95984,42.768604,372.9414
0.2631626,84.87062,23.748964,117.64821
48.456535,292.96704,73.25691,327.2904
124.41774,5.2920456,150.94688,42.307182
81.26651,219.086,104.06891,252.37921
115.29152,176.8609,138.70468,209.89484
75.95116,391.94412,100.54498,421.59677
91.910065,19.002626,118.3562,55.976227
25.288002,165.49344,49.784744,199.02841
20.239555,395.15796,43.29303,423.7113
26.43853,531.4617,50.017807,559.7583
120.28848,105.704926,144.5481,138.17831
24.695316,75.890335,50.565174,117.85741
51.390984,200.35426,74.731926,230.35954
78.01073,258.8423,104.66469,291.81726
0.0,329.89526,14.568067,358.58716
106.614105,272.79434,130.18808,304.44156
124.15015,51.41188,148.65143,86.97241
14.835129,76.16377,51.38195,118.402725
52.47381,531.85913,76.51017,562.719
59.903496,45.010586,87.59547,84.18213
