46.240814,378.4532,74.97405,415.9417
0.0,399.6256,18.386627,430.63757
49.37699,497.23654,77.17404,536.50684
17.611496,273.48425,44.530464,310.4013
79.418915,285.9892,102.732605,321.33514
111.504486,343.89954,136.48653,377.93896
120.32543,51.06083,146.83484,88.61469
119.44801,532.1953,144.41875,564.42065
115.87793,178.05748,140.2752,214.31123
27.337376,601.78217,52.910175,636.6357
53.422222,187.12912,76.93208,220.17978
26.23201,85.78899,52.20897,121.56401
29.914093,435.85876,55.51947,465.08685
91.78607,598.6155,116.059906,632.1333
0.25907326,60.061222,21.158915,101.788605
61.1595,66.15662,87.789505,101.7106
127.44878,630.07697,150.4847,639.8837
87.02562,136.18,111.512955,169.02966
