81.12883,277.01007,107.7896,313.3166
117.838005,463.74844,140.54486,492.3536
19.32455,211.89404,45.364513,252.5813
46.536453,387.29205,75.058395,423.05182
18.285347,335.20547,43.79946,372.7974
0.0,81.80462,20.79629,127.97587
113.9151,232.70752,138.0138,264.08057
82.68675,473.21082,110.434616,511.1488
122.82883,533.9031,146.4797,566.06616
49.38729,253.82214,72.71181,285.7965
112.58719,315.6308,138.61841,352.25952
95.57506,622.84937,118.91832,639.81665
113.93536,388.24152,139.82709,429.3636
0.02159977,417.35065,14.698963,446.79834
121.654465,51.60848,148.69179,93.401474
80.80004,359.18365,103.93841,392.15704
81.42297,146.30806,109.64526,187.01411
53.923496,496.49338,76.79022,529.20166
20.015581,509.26523,48.852753,544.3922
19.49364,424.19696,42.47952,456.77106
59.359673,579.442,83.743996,612.1749
88.67253,548.6205,113.09422,585.20276
28.233627,569.9537,51.622765,601.2266
57.678516,119.6586,81.56053,157.55649
92.53244,26.48539,117.176926,58.739998
0.13528442,525.49414,16.236797,554.98364
25.460863,159.18909,48.82715,195.44763
19.968315,57.16912,53.918488,106.61166
58.166145,54.184128,84.08256,91.463745
