0.24243355,0.0,23.193264,23.792496
113.22572,411.36166,141.4941,448.66342
50.76758,429.90967,76.08751,464.3772
18.999203,284.04852,42.480297,317.27277
52.51682,133.30249,77.14377,172.02228
19.946327,173.37761,45.997635,212.2314
78.0104,323.94037,102.5521,359.11127
109.934616,281.03235,133.82442,314.74365
18.676872,416.56018,40.488743,446.03394
83.80041,210.6001,106.99842,244.46399
85.94941,50.99356,110.816,87.89172
78.64577,445.97815,104.46031,481.13965
27.958649,65.79941,52.15792,98.752655
117.909546,132.94794,143.7127,168.77045
120.60292,593.60315,146.12505,629.1354
46.628372,233.48843,75.69801,276.61026
56.800503,515.9983,79.66699,547.4834
123.0603,36.909073,147.82178,73.57466
