0.17741776,621.79236,22.934387,639.77356
48.411697,370.74954,73.27757,403.8561
18.601948,404.28027,42.157913,436.0822
51.21237,423.7987,75.12427,455.57886
87.623795,501.4073,109.98784,530.88007
55.642834,523.6222,81.90013,556.5082
77.66359,396.92535,104.208115,430.56915
4.819626,0.0,57.98953,44.90389
108.24127,466.9489,139.9112,507.9312
18.543869,234.35843,47.53118,277.70242
19.342789,312.57056,41.751892,340.74072
114.39064,284.9186,138.24089,321.33542
0.22246361,205.57132,16.205418,244.56195
59.024876,49.910156,84.96231,88.43561
50.428917,156.24915,78.056175,199.70328
0.0,87.999664,18.780792,125.34802
91.528,0.10262871,121.47803,31.144703
116.04664,203.71155,141.19135,237.43259
122.94064,126.920425,146.52756,159.4947
83.14404,230.39676,106.4837,263.88043
82.045166,337.69452,105.44418,368.81384
120.89277,579.7956,145.22192,611.3973
52.14451,229.07211,76.08964,264.59512
126.20554,3.5547676,151.2938,42.346973
51.52263,288.9903,74.53042,318.46027
90.78492,628.7916,113.80393,639.9016
85.0255,168.33408,110.09349,201.55417
22.151594,125.81015,48.171097,164.83844
