0.3545723,0.0,25.823349,27.643978
0.0,179.70349,15.430165,210.86993
18.530365,293.35962,41.47679,322.8783
76.00015,357.8987,99.303375,391.61575
115.23079,454.57086,139.71954,489.89288
76.04165,410.1515,105.88155,446.7224
58.563507,102.86955,82.37666,136.69878
0.0,435.9942,15.061982,475.69098
35.76979,5.0589294,61.585007,44.298767
108.52481,359.88037,135.15894,395.76733
25.822895,496.8739,47.739994,526.7683
26.039507,571.69836,54.745377,607.65515
55.421303,503.95596,78.32485,533.76135
89.850136,547.2166,111.12707,575.4798
58.048576,614.37054,86.01089,639.7203
0.0,515.0648,16.501116,542.8373
0.0,579.7175,17.964296,610.0603
