51.1111,553.30444,81.286285,592.6909
0.012813568,621.87195,21.00866,639.7997
0.0,68.177246,18.417265,106.77202
41.78212,425.12326,65.29187,457.02878
113.81195,295.01978,139.00026,328.51758
124.533295,0.0,149.13748,19.591091
33.219925,0.003063202,58.11431,24.697506
16.72005,334.78635,40.107075,366.66562
77.83097,328.8329,99.78489,359.4525
110.50249,174.24792,134.00235,209.41895
29.34092,583.58154,53.3328,613.7859
22.778542,194.49814,45.924034,228.55203
76.03584,134.48137,107.39482,178.63457
54.369125,121.8916,80.92299,154.54807
0.0,172.35266,16.134771,205.06592
96.88675,632.00415,120.93378,639.8523
0.0,433.29193,11.058453,461.38
