51.001785,278.23224,74.35161,309.08453
83.66838,519.11865,112.750336,556.3301
45.878746,363.42523,68.2825,396.13312
0.09551811,543.5956,22.439539,573.306
115.31,257.1801,138.37741,286.5877
20.77026,307.65875,44.560284,339.39838
116.801865,473.45404,139.83531,504.65607
51.360718,448.76117,74.090454,477.9876
52.813168,97.14659,79.041534,133.78412
121.84096,602.05444,145.71101,630.60205
68.88579,345.31952,98.9485,385.88617
0.23439837,68.45744,16.161121,104.8669
89.05634,3.6114273,114.747215,40.544785
60.064507,623.6074,84.13479,639.968
0.041506767,423.3629,13.188644,458.11902
