51.573555,411.7899,75.34511,445.69852
0.0,167.60376,18.843733,203.48761
113.45068,382.74866,136.22174,413.61243
57.16764,560.79065,79.78008,589.46313
1.0734291,424.6643,35.41175,483.22754
83.2309,445.56732,105.54533,473.57355
82.30386,245.2857,105.43439,280.00586
115.60672,242.61185,139.42593,273.8107
47.72628,214.28452,74.87979,256.6357
89.51396,547.4613,111.90895,579.59094
26.735565,500.40857,48.791924,529.3893
24.340979,551.208,47.22634,582.8176
0.0,275.16162,25.600773,334.50598
86.93462,115.90085,113.72787,153.79767
91.1263,0.4521904,120.354324,39.36099
123.82172,0.08490372,149.3417,33.027744
0.0,387.0277,12.18603,414.66095
