121.95582,30.264437,149.56921,71.459305
119.95888,187.87695,143.64897,222.99786
108.70329,258.13834,136.75037,299.60696
19.476498,357.4029,43.32488,390.60132
120.79233,550.2328,144.01978,577.8888
19.780796,230.66171,44.786785,262.5212
114.29903,463.04803,138.90205,493.85382
0.30242348,576.32043,22.401423,607.1842
114.651764,321.10583,138.52943,351.96204
24.856941,85.73576,50.43029,124.103
82.3344,493.87097,108.54906,525.13403
79.685936,217.35965,105.94088,254.34036
18.817589,305.879,41.655678,338.17538
48.070854,195.68567,74.09521,231.97174
46.566612,307.33344,74.75715,344.33966
118.32738,130.8984,142.73509,163.68832
59.85799,55.79898,83.72429,90.051056
26.796768,547.42163,49.86773,579.31665
89.99809,8.625927,118.11888,48.02613
0.5525284,0.0,50.054115,72.07448
21.069447,178.16837,46.294468,214.2044
113.975525,397.60495,138.85498,431.43942
0.0,467.93256,15.5157995,499.42755
79.71246,417.96454,104.12286,451.08185
58.897316,542.44055,81.905266,571.8436
0.0,214.22113,14.92137,257.40195
87.82774,564.82544,112.360855,598.20337
78.572044,333.91022,104.205284,367.55743
81.782295,382.276,105.218956,416.86682
50.751953,256.31335,77.6488,295.48126
0.073334694,426.47238,14.072989,457.20847
19.188911,0.33343506,50.86508,69.8531
0.3461647,0.0,35.07676,67.70772
0.0,293.52954,11.173641,330.56348
