119.00724,480.31244,141.20023,511.27997
51.982216,451.52014,75.57426,483.06982
25.902178,0.34729767,54.77095,42.512245
116.398926,561.64954,140.20963,593.8976
21.759796,498.20325,46.007744,528.0242
15.254482,269.31476,41.156143,308.22504
0.60154724,0.17639923,32.475533,34.79615
43.790627,293.90564,72.08692,336.53455
80.21507,421.35495,107.77597,460.30753
80.94025,224.8251,104.65991,262.45102
104.716354,313.38562,133.65283,352.68384
0.0,583.8141,20.128157,613.6144
14.492184,76.22836,44.53843,117.73781
106.7711,94.62276,138.9117,140.54585
28.50006,579.6197,52.556625,609.91974
5.34066,0.18941116,54.442444,42.494453
58.2134,613.59937,83.11326,640.0
87.378006,572.78784,112.179184,604.0432
0.0,237.45656,13.978735,277.05786
53.867214,67.15248,82.45389,108.13109
0.027706146,355.0276,12.324947,394.01392
0.0,0.0,24.134256,33.861607
