17.340908,261.3036,41.58417,296.51648
108.5448,279.74258,137.73712,321.82187
79.606674,390.00342,103.10405,422.05347
28.93674,578.5437,56.54616,610.8423
90.94562,575.252,112.61081,605.8338
23.085308,475.3506,47.35848,508.28064
115.80133,419.76987,139.91386,452.1074
47.192368,341.8496,71.02716,374.00897
89.55316,23.464811,114.80612,62.414413
22.264406,149.71774,49.44156,186.61456
57.189995,107.39545,79.83787,148.0427
52.680702,472.9806,77.76202,505.60205
59.925503,594.87524,84.04724,626.6969
118.02876,132.25632,142.65642,169.00143
51.95938,0.13558578,82.11423,31.219679
0.0,303.28973,13.811702,365.7221
