29.955597,245.58527,70.81545,300.06012
22.41949,513.00775,47.48361,544.0997
0.0,449.75504,16.876675,478.95602
1.9726429,605.03064,28.760902,639.00964
48.164024,450.41458,72.38931,480.26773
81.09089,472.64978,108.05819,506.1217
115.56918,435.07806,138.81073,465.8947
19.913275,121.92436,46.021873,158.41533
0.21592903,103.14206,16.2792,136.2691
79.73035,278.9176,104.36835,309.82788
121.446915,34.07435,147.2187,69.203125
114.34372,270.68774,137.85596,307.8656
22.879356,52.63173,50.884407,92.33679
90.698654,625.7329,116.0616,639.92773
82.54013,195.56064,109.6429,232.22989
21.006144,175.73274,44.65,209.22734
0.0,321.4461,11.8305435,354.79425
84.54704,102.166885,111.113846,138.68002
53.76011,147.86658,78.17838,182.60654
