52.428375,584.9335,82.78665,624.30383
113.73329,338.48517,138.8152,373.4449
108.43997,216.68823,131.48248,250.41492
41.31089,466.3989,64.54693,498.337
20.728127,233.57904,45.89219,266.43866
17.033249,371.10846,39.886116,401.2619
75.96695,179.43832,104.282715,222.64456
0.11080074,107.93077,15.24357,144.97183
123.24402,28.07772,147.47705,63.46557
60.75602,0.0,88.65525,21.091684
78.30177,369.2238,100.326004,399.236
30.184614,34.57036,55.324585,70.89288
51.975395,161.47623,78.778145,196.24655
31.392662,619.35443,54.2688,639.92487
0.0,212.00381,14.632954,244.67078
