27.397766,561.08325,50.03932,593.06616
0.0,169.55661,20.475204,203.09659
50.01307,383.83093,74.12472,420.28528
12.343376,256.2751,41.24951,297.64032
115.89224,163.3497,139.38354,198.0958
0.5330124,39.940796,24.348215,77.504555
26.93737,90.31198,52.96617,129.15302
81.156555,307.70435,106.27789,341.4558
21.96327,471.1079,45.50992,503.802
0.0,333.87628,15.344188,372.18597
88.29268,564.0266,112.963394,597.3147
100.35855,398.87482,125.07149,429.64398
53.62817,195.75642,77.28671,225.37746
121.66939,607.86816,148.53392,640.0
123.9214,0.1544342,148.29726,27.820385
64.7262,0.0,88.35361,8.6095705
89.99528,55.780064,113.95342,90.45776
