121.37495,539.37427,145.08356,571.7888
43.14467,355.68277,66.52642,387.79056
0.4772873,146.40231,50.649734,211.05176
83.59926,534.15515,111.11192,569.2075
59.43704,604.16364,84.016815,637.794
0.053569794,570.9834,18.05024,603.88696
113.95366,344.21545,136.66219,374.0984
20.347115,409.89758,48.13466,447.3047
26.353077,503.3756,48.978336,532.91113
82.56526,453.1735,106.99048,486.4595
112.916534,414.04572,139.24329,448.581
80.3801,360.0311,105.602356,387.73074
86.401764,159.86908,115.21307,199.44269
27.24957,243.76993,75.00905,318.74948
52.065697,417.17987,75.76148,448.9428
55.867096,483.42072,78.79442,514.3245
116.30243,145.2491,143.03366,182.28969
58.90025,85.37862,83.61043,120.02997
48.091324,11.484062,74.92763,51.897728
95.00461,32.031914,118.68161,65.73254
0.22081757,145.48502,47.287155,195.65091
0.0,471.8006,9.759369,499.6496
