115.569534,144.8656,140.1729,184.46344
90.14302,18.683403,119.2478,57.660576
49.758102,419.6781,73.59298,454.5813
80.24985,356.93628,104.11618,390.73468
73.72604,469.3329,98.38629,503.73914
115.204895,579.33405,143.23962,612.4931
114.77669,279.71957,137.16359,312.7133
115.056595,407.89905,140.49202,441.6183
43.960182,246.36118,74.95261,294.73056
52.44803,604.90076,82.89287,640.0
21.885838,518.8162,46.481342,548.5997
86.89295,534.5346,110.87725,569.7935
78.119705,257.92786,103.21358,290.9485
1.7191162,310.3328,43.979942,375.36813
4.8772736,181.38033,32.01405,214.17314
87.960205,594.5729,113.67671,631.5757
