83.63119,255.23111,107.67672,286.97787
115.01698,371.0439,138.36798,403.67752
15.285034,310.39417,42.294067,348.72668
79.978134,132.0777,107.01323,169.39728
87.17413,540.3481,110.92125,575.4041
51.56537,371.3335,75.78069,404.08923
116.15748,481.82672,141.992,517.19073
0.041345596,577.9077,18.887987,611.00903
56.639782,45.219,82.248856,81.34689
0.060671806,463.37964,14.527678,492.77612
50.80767,465.07233,75.89298,499.13098
21.377007,233.11914,45.38327,263.72626
115.61384,70.9264,145.05096,108.704506
23.303652,518.0647,46.71823,551.70654
0.0,207.62204,10.580607,239.02371
