0.3089962,12.371563,23.703882,45.637814
18.723019,381.2342,42.04365,412.5573
17.621643,304.71155,38.842026,335.5476
0.0,96.1927,18.553978,132.03397
50.6531,320.05194,75.11385,353.4914
115.98384,532.03406,140.32307,566.31335
112.71385,212.27948,140.0669,256.1604
50.395622,450.602,73.52386,483.16284
112.172104,439.6505,134.76949,471.02167
118.97664,65.63394,144.6367,102.54779
27.03668,141.58557,50.536896,173.82025
82.76709,463.8928,105.99516,493.08206
57.034004,120.41492,80.586266,155.7923
57.649307,614.85706,82.767944,640.0
21.436703,449.5766,49.249935,483.49115
79.92984,250.62175,104.76453,287.9953
34.227592,33.764282,57.97666,67.80586
91.76806,628.949,117.69468,639.9004
0.0,212.42035,12.415683,246.68106
38.994987,208.21613,64.54271,243.60895
