0.10589218,99.79497,21.617062,132.68674
83.74771,168.23618,108.00992,203.84937
19.357323,459.76718,42.668076,492.39236
82.27832,352.7462,105.77597,387.7493
113.618195,444.6294,139.85371,480.42834
20.606485,197.47568,45.1121,232.5328
27.970861,563.0792,51.777794,596.26025
57.7747,600.53217,83.7274,633.7729
64.21822,0.042591095,90.96006,16.026247
0.0,0.23277855,20.441265,18.920317
47.687218,340.15198,70.79468,372.4231
108.114716,245.06308,131.0847,278.73135
27.518318,53.331306,54.10482,91.77386
18.002094,352.17078,40.628525,382.81677
53.352417,481.3266,77.30315,511.43097
0.0,232.06778,11.813831,266.50833
0.0,507.35074,13.968025,539.96277
0.47423935,632.1273,25.764,639.874
