49.783234,407.6032,72.2725,440.27667
115.31502,334.38464,139.36162,367.48114
71.475464,284.57263,105.85617,334.1438
22.965454,539.27454,48.33992,575.88806
82.21034,438.3548,105.12871,470.8781
81.809784,507.4364,108.633286,541.8218
116.761765,486.0127,140.32579,519.7345
26.003693,64.953255,82.22394,124.53974
56.43476,552.4939,79.03672,581.60596
112.2937,177.3577,138.54948,215.36288
20.587444,267.40594,45.93478,301.5279
120.195274,552.60846,146.97,585.69696
122.78243,0.29114628,146.92636,31.764488
31.266575,0.0,56.89915,19.426142
48.747242,65.441475,82.775925,125.13015
92.89952,110.55844,117.907425,144.11728
0.09089661,95.09094,19.070274,129.71664
0.0,524.0901,14.065001,557.0563
59.20845,630.2382,82.56435,639.86505
0.0,379.8173,12.208683,412.1318
0.43177032,0.0,20.93491,13.784771
