49.966537,225.72223,74.70112,261.32922
25.165323,74.077576,49.28962,110.143036
109.57378,347.0057,133.19617,381.39682
113.47859,163.42416,140.40204,199.9732
51.76098,442.3307,74.274994,473.64587
89.56687,39.76149,116.220085,76.80977
82.25963,247.98181,106.96907,287.82025
21.963158,402.39987,45.636475,433.33163
46.679573,348.3587,70.016396,380.54218
81.377045,468.0724,103.84451,499.67926
0.021596909,534.329,18.59415,563.89417
55.36078,52.51749,81.82555,91.055176
91.116806,597.9374,118.41057,634.3224
25.764267,532.1903,50.371986,564.3876
123.63207,0.0,148.79932,10.401663
113.154526,469.98044,137.85594,504.56027
0.0,452.99393,14.17889,487.2369
54.568913,619.7108,81.890076,639.8944
