1.3037243,7.049095,23.856869,39.685898
75.99323,329.8504,104.39857,372.211
18.817444,352.52414,44.22072,386.87857
40.826767,269.532,71.15231,312.55978
81.369934,440.033,106.00415,473.12704
14.28997,605.9353,55.59481,639.91296
86.49963,58.051067,111.72388,91.77525
116.57969,367.73285,139.7839,396.1131
124.7099,26.722116,150.57318,67.30639
115.62651,525.2246,140.52922,560.97705
21.867083,190.60962,45.351868,226.79803
116.992516,159.51242,141.5217,195.24454
51.93268,109.76582,80.34329,148.04793
83.0614,163.70041,112.19357,203.54886
15.188347,604.98584,52.336647,627.61255
