114.225174,518.52856,140.09465,551.9199
89.139465,561.9148,111.81851,593.3425
49.888245,449.2055,73.61684,480.7661
27.597832,558.90955,51.725876,591.6948
0.2657795,3.1426964,22.623375,42.82884
19.633953,395.53998,43.44024,426.24506
20.117302,327.37653,43.106476,355.9391
114.98648,246.85442,137.42015,280.51105
123.11284,601.0558,148.17091,632.0941
48.709328,218.72348,74.082954,252.0574
115.68953,171.22887,142.07332,209.085
82.67064,349.86768,105.843216,380.0487
114.20419,354.39197,137.45903,384.64886
83.09367,456.5581,107.65788,489.87048
0.0,242.57155,14.713662,285.03967
51.772316,363.11536,74.95574,394.20667
82.474945,205.07437,106.99463,237.37363
123.20907,99.712296,147.66885,132.15532
0.13392258,167.49515,14.334772,201.65189
54.05282,121.6582,79.26363,155.02872
90.497055,38.766174,116.46297,76.19049
18.499483,43.649643,50.00482,84.19269
83.59477,128.66043,109.726746,164.39096
32.678158,629.78955,56.659008,639.828
