109.32686,373.2045,135.21104,408.45627
17.345741,372.65497,41.794228,403.21185
0.17261505,65.89549,22.339058,105.97774
24.125093,523.82605,48.74208,556.9767
121.6345,601.77057,144.66782,634.17633
0.16561508,619.3858,23.134937,639.8035
117.346664,210.4885,139.86668,241.33328
31.24194,4.429329,55.96664,40.382805
51.09958,339.026,75.022,369.02368
85.36145,122.08502,110.276245,158.77942
53.909576,110.42737,79.71895,148.672
0.13708305,511.56384,16.468477,546.7085
51.938705,469.3245,74.62709,498.56155
88.13873,514.6813,110.99429,544.97107
78.02622,191.88681,103.29525,226.26877
49.53804,192.1118,73.73409,227.04668
17.82143,200.663,41.852123,231.69388
0.0,212.40717,14.869265,248.99017
92.630684,0.0,116.29842,17.58342
123.66629,0.0,150.4288,24.457247
