80.86862,215.00699,104.25165,248.11942
0.3672657,28.017426,23.22417,65.07724
76.02992,356.71106,102.4391,394.00256
65.35211,6.6109467,89.71326,42.881313
114.71825,427.33258,139.90862,461.01984
1.2487164,616.6727,22.691652,639.89233
43.790855,329.78247,72.72489,371.35034
120.66222,589.0233,145.27199,620.62756
123.860886,49.678818,149.08171,88.00763
94.88948,33.165337,119.654526,67.442055
60.88774,449.34552,84.3687,479.73694
0.13107872,219.08807,14.100563,260.9602
88.32167,578.82935,113.1971,611.0122
20.380302,161.05576,44.92327,192.69623
21.912033,305.6042,46.998573,336.77606
24.589655,509.97226,47.81852,539.4149
55.747337,105.53932,82.92599,141.47585
0.0,317.6315,12.043559,351.40018
