16.931114,357.1556,39.271904,387.6213
112.864624,299.16574,137.96298,334.92514
113.94226,424.27786,138.90027,458.46304
24.101093,120.48903,48.27103,156.39806
55.9592,140.63135,79.578064,175.8222
46.61612,281.68982,72.73162,316.90137
125.42791,618.6588,149.02405,639.8157
50.058907,461.59418,74.63866,496.0119
89.634186,568.75183,112.63663,600.8363
121.86549,37.428703,148.70396,77.12757
28.390486,9.117561,54.972916,45.160034
80.93959,422.091,105.119064,459.2354
19.980253,231.19162,44.94699,266.84238
0.0,579.22217,20.932964,613.18066
24.068338,547.8544,47.214256,579.0831
59.690994,0.0,86.51709,13.668875
58.116745,610.2816,84.71652,639.5331
56.503716,528.8508,81.11169,562.6909
0.09053993,444.60394,14.279507,480.2951
0.0,152.45453,14.812395,187.36017
0.0,297.74884,11.870597,334.71088
