115.96341,180.96771,140.03705,214.68567
0.319582,0.0,23.173294,20.932846
16.227814,329.50842,39.987854,360.22296
82.89325,190.61522,106.85156,224.44713
114.07109,493.54077,137.36746,528.6465
58.730137,0.0,87.148926,17.471462
90.389854,623.3149,113.383675,639.9051
23.595406,162.71854,48.6379,194.55826
0.0,560.5882,19.350248,586.11774
78.22191,354.39337,101.43173,387.45416
28.376068,553.3961,50.774048,582.3275
124.78717,0.22661972,153.50189,35.498024
0.0,455.0874,16.050507,492.89526
48.032463,448.71643,74.61463,489.51605
85.637146,531.0327,110.674164,567.9866
89.995575,34.48651,114.124176,69.42357
24.001736,443.19434,47.86594,472.74298
