115.393936,156.77705,138.40501,190.49446
82.09152,258.3689,103.993515,291.1914
18.433147,271.20178,42.38811,306.8285
24.864891,139.48401,51.49652,184.8377
50.195236,284.62335,72.24103,317.39777
77.59219,402.18665,106.484146,442.36
58.829178,0.0,88.62523,40.247696
81.947495,510.81464,110.77478,547.5257
17.8722,384.33374,40.506874,416.04938
120.43396,555.9197,143.85254,584.9523
0.1796627,547.2316,22.687439,598.34515
52.009567,401.69574,74.53721,432.11835
20.475006,456.2616,48.93331,494.60382
54.572063,72.674545,81.041,107.96971
116.74651,253.04817,140.7644,284.16693
31.479156,593.6515,55.92549,624.18713
