18.66969,345.45105,43.480404,379.8147
79.221054,390.0916,103.44496,426.35956
0.38630486,611.6284,23.637878,640.0
114.86905,499.24268,140.5945,532.9895
59.44113,585.3408,82.765854,616.4574
0.0,205.81622,15.80143,242.3717
118.85936,145.63654,142.17754,176.9372
123.75058,0.0,148.49112,20.338314
84.660934,127.40585,109.89644,162.87454
60.431282,76.91545,83.69898,110.147415
28.204998,75.368866,51.834667,109.4834
0.07850742,478.9743,15.318032,512.5202
53.590485,445.2734,77.28433,478.8939
88.446,38.517387,112.37001,79.42858
90.58418,572.52356,115.0883,604.859
22.463749,509.73236,47.003963,542.7747
122.33946,613.0011,147.24632,639.8978
