111.008835,460.61145,141.08658,500.71802
0.0,571.2892,21.363947,601.9535
42.103394,499.2988,77.957954,550.5498
112.91501,179.28769,137.97359,214.70361
25.401997,128.59732,49.086452,161.9979
18.31559,397.2708,42.362587,431.35034
85.61273,139.87306,109.875,175.50478
59.273952,71.68736,85.40344,107.28761
50.80816,386.8164,74.50638,420.14478
26.899124,43.5215,51.355255,78.187546
121.44074,18.12616,148.98187,56.96341
83.36831,191.17316,107.17773,227.12512
89.53806,521.464,111.78506,552.8594
108.94617,306.62857,134.35141,343.47958
14.225761,323.31897,41.846535,360.64233
53.310844,163.3205,79.82702,199.755
79.402664,376.27426,106.64485,409.3398
63.017975,614.24677,85.629196,639.87665
48.378265,255.45471,72.68021,289.05066
77.3736,254.89305,105.52879,290.44482
17.196117,257.84473,41.09902,290.3136
92.41734,41.471893,116.70003,75.07638
0.14814186,95.77646,15.376954,132.20517
0.19457817,629.9794,23.026482,639.95886
0.11651325,480.64905,14.289263,509.03528
89.462296,614.7496,116.05086,639.7901
