19.270546,312.73724,41.80358,342.20435
22.880566,444.20584,45.646152,475.73642
50.31002,347.9857,72.01727,379.61844
0.0,582.391,20.279814,613.79333
49.304604,249.44412,70.65905,282.3519
120.01271,54.156387,146.99162,92.2827
54.165203,120.60446,79.85893,157.88696
50.774742,534.3352,77.24845,569.4973
79.69095,364.7788,102.81662,396.6292
111.19795,243.73859,135.01451,279.24945
84.775,508.3133,113.336555,543.5501
109.953476,381.74112,135.4232,416.27396
85.21459,149.30286,112.06077,190.07513
0.11562824,456.54504,15.120018,486.167
31.765633,0.0,53.103386,6.8885474
0.0,376.2289,13.041171,409.6647
