0.21640778,1.8895302,24.102875,35.54904
106.9258,401.9943,137.5671,443.1893
48.90496,394.48633,74.21061,431.8039
79.1741,320.77393,105.95657,357.4452
63.93288,19.557404,87.578354,54.328545
16.325813,262.0925,44.565575,305.18607
81.36634,420.13168,105.63653,451.26144
0.18364954,378.17432,15.903276,409.52673
0.0,136.46124,18.632812,171.9248
51.685738,299.67456,75.72823,333.9796
91.696365,603.71155,117.26836,637.0753
91.1057,0.0,117.0045,21.59067
0.14474678,523.2351,15.368164,553.0403
22.367317,452.65735,44.11122,481.36652
26.755732,563.77637,50.227104,596.8352
60.66057,584.0775,83.27518,614.7777
120.42779,523.4956,144.80737,554.3871
51.257313,510.1167,79.30812,549.0177
78.30217,228.00134,104.32936,263.61646
88.02179,494.70972,111.0405,528.3124
31.274586,616.2733,55.251766,639.8666
117.03564,150.7063,141.04016,184.88593
40.705376,133.9849,76.13395,192.43811
0.29473686,597.0795,23.589663,626.3099
54.951035,96.73842,79.39021,130.20146
87.017654,545.90125,111.929855,577.58875
86.30622,139.07675,110.42414,173.24362
125.74139,0.0020217896,149.05603,8.974539
