49.917732,305.8125,74.64759,340.02942
113.457245,379.62665,137.88261,412.4688
0.0,492.0114,20.321,522.88214
51.69873,518.91486,76.0152,550.9395
20.705952,444.35028,46.30215,478.66418
52.391724,154.80325,78.30061,191.10385
84.42288,523.9863,107.1817,552.06775
81.82448,188.95755,106.40863,225.57431
21.570326,286.5967,44.978104,320.12283
90.153564,610.7875,113.4043,640.0
22.839592,190.36206,45.955788,229.54941
51.564144,9.052143,83.3692,48.492798
28.604092,617.8778,54.388012,639.7999
117.75339,512.4808,142.1513,544.7996
80.769226,420.41635,104.1264,454.55576
0.0,374.69995,11.324809,405.76038
109.570114,215.11981,137.03108,251.1626
126.62738,621.9485,151.57306,639.93384
0.0,438.98358,11.7931385,469.4427
0.0,195.90335,11.92374,228.48172
