47.953636,395.9214,73.36407,429.33777
111.62311,487.87646,139.33922,524.64087
52.268875,145.8826,78.41588,181.16489
22.854763,434.00912,46.086147,466.26285
114.61682,193.87363,138.89668,228.1301
123.551575,25.119598,148.65823,60.37635
32.271683,3.8972244,55.555244,38.0577
80.74605,318.62646,103.95329,351.9319
1.6823387,605.366,54.07159,639.9102
58.30361,588.42303,82.332405,620.2115
87.953735,47.309845,114.76611,97.91176
89.83642,556.2534,111.393684,586.0873
0.0,334.5363,15.707953,367.0367
52.145676,242.44412,75.73059,274.2872
52.410027,487.61035,76.496956,520.2518
83.846634,189.9386,106.28438,223.65714
11.336853,218.07175,46.007034,273.21722
0.33909225,0.006500244,25.250252,16.154787
108.82573,281.27197,134.6876,313.08533
0.045868874,187.34338,15.463203,220.32208
0.22865105,588.8772,23.436499,613.1548
60.259876,34.31743,85.722244,75.28896
0.95210266,589.5684,51.879623,639.7315
