86.79611,558.13,112.03436,592.4817
17.932182,388.7188,41.93995,421.8487
23.243416,507.29434,47.24005,538.80237
18.622093,294.89746,41.145256,326.83777
82.211136,385.9854,105.011154,419.5728
19.17044,191.13852,44.123665,227.03702
61.851246,625.08777,86.08122,639.88293
115.884995,443.01898,140.83476,475.09467
110.882324,193.72949,136.92812,230.50763
112.52049,308.62515,136.50908,343.30228
56.630802,30.284157,80.13632,67.272446
44.212135,344.39218,71.044044,381.39902
0.15163994,531.0161,15.912849,559.9177
123.49306,38.547867,148.033,75.96622
91.63937,24.26252,117.336945,62.870583
76.17975,211.36272,104.39293,247.84975
32.95646,0.0,58.640648,23.331694
0.0,254.36252,10.870766,295.45865
52.667038,213.87589,79.11066,248.31729
