45.47735,304.8156,69.1415,337.95758
0.0,116.29237,19.314232,151.02223
116.31242,263.2917,139.67271,295.74646
46.900047,415.04358,69.98472,443.4535
26.606396,516.8063,51.24313,549.6271
0.16457176,0.0,23.699675,36.84064
116.152435,391.84692,138.62112,421.5636
0.12169647,596.2687,19.159592,629.495
28.24273,72.61327,53.204094,111.50771
118.3355,554.6924,148.0827,592.7019
23.512878,206.36264,46.955864,239.38947
118.81146,105.703156,143.70618,140.1235
0.016680717,357.81088,14.082168,387.15805
87.4182,533.0075,111.204636,563.95233
61.84113,11.29409,86.31415,46.42673
84.52078,112.51811,113.22647,159.59944
89.8418,602.5809,117.32715,639.2846
56.69841,549.7825,81.45877,580.36084
