18.2281,268.83356,40.638912,300.7055
116.58364,529.27795,139.96219,560.9254
114.92299,237.39871,139.85205,270.69064
51.949234,266.17657,74.85942,296.73712
27.491335,552.82184,50.739853,582.7786
0.0,207.06903,15.022617,250.53827
18.751656,349.93683,45.836372,386.42743
78.92854,313.8611,101.386566,344.0493
84.18883,430.71783,107.17766,461.16058
84.28282,85.033554,109.842834,123.29506
27.705114,34.301384,52.952065,68.04933
49.165077,397.1938,74.831024,433.52716
78.11797,142.5263,110.68847,182.63791
115.77731,143.55812,141.7266,181.84605
