20.020008,444.63867,44.347485,477.13904
0.11575127,0.09987068,21.79093,18.632736
60.001236,34.1827,83.23796,68.48286
0.0,297.2652,15.504083,332.80707
54.593124,195.26888,77.70108,226.67546
82.615845,483.09717,106.99277,517.6823
80.9344,239.89043,104.07518,272.15485
82.0267,153.73123,105.86934,193.24771
59.052876,546.748,83.17012,580.3359
114.21838,244.78491,137.0162,278.29425
27.275291,604.8053,53.444733,639.2848
22.312218,188.46837,45.937515,222.33134
0.0,567.8911,19.668919,601.3611
32.470535,11.166729,57.099533,46.141212
91.89824,32.837936,116.15248,66.599495
120.01764,590.46045,144.41568,623.8147
116.22264,93.58978,144.18123,132.47906
