20.347507,235.14468,45.041363,270.1851
25.749794,128.50859,49.259644,162.65276
50.42752,297.49725,75.76825,332.77948
117.12451,559.65405,144.52386,596.83936
44.50434,443.9875,74.32769,482.716
24.74425,413.35504,47.778366,444.66644
112.44081,299.54132,137.14671,333.78326
11.837414,0.008323669,44.4828,36.39261
23.007805,538.8777,50.241684,579.9116
82.750534,355.16534,106.93559,389.9218
0.20733547,424.00568,15.551045,464.5074
83.43347,195.894,107.2997,230.12386
58.436684,23.522491,84.346306,65.408
81.24315,536.50287,111.30641,575.2116
0.32992554,597.2146,23.123692,635.2068
57.946747,561.1928,83.0392,593.0224
123.55963,0.2878418,147.64227,30.706514
0.0,339.04843,11.431208,370.12662
94.01755,630.6133,116.51248,639.9021
