81.645905,482.76953,106.49405,516.1687
50.200714,348.6104,72.10151,381.06415
20.195168,422.5775,46.970345,458.4071
19.419243,234.10626,43.25882,269.51678
111.59102,300.71838,136.18314,336.00476
54.897568,136.2221,78.980194,171.50128
28.706,561.7493,52.511253,590.97455
114.948975,413.6549,139.03714,448.0033
114.91588,576.9958,140.80882,608.1442
0.2730856,442.73853,14.725853,490.0127
0.0,155.01094,15.711241,187.54018
60.008827,587.3887,84.268394,619.17725
31.860397,58.82045,56.969696,92.255875
90.13927,85.047516,111.824554,120.56351
53.15148,226.31052,76.44814,256.95627
3.249051,596.8832,30.151241,627.73474
0.0,298.3003,13.018509,330.27087
