115.87802,404.13132,139.43994,435.42484
1.3429222,3.8794708,24.187971,37.63891
110.92494,269.4644,135.94798,304.91684
0.0,129.66751,19.566118,172.80911
50.193687,309.89972,75.43495,343.71967
83.69366,398.16284,107.02125,427.83203
26.588484,1.5027084,54.747253,45.020447
53.26802,465.74542,77.20557,500.0971
17.29699,259.56943,44.62968,296.9904
121.12096,110.8709,144.34926,147.53717
0.6817055,614.3904,24.544859,639.8992
77.573715,291.1307,104.86653,323.63828
85.97585,552.64966,112.08567,588.41724
57.66055,88.629944,82.45383,124.81479
23.758564,471.9463,48.51118,504.2083
120.937805,553.96643,145.7562,583.3635
85.140854,106.21124,111.18251,145.76794
27.837975,574.9604,51.55291,604.9084
0.17688179,535.2269,18.746473,570.5958
44.624687,368.2163,72.61089,407.46948
50.03348,159.93616,78.74078,198.4844
20.386591,361.83957,43.863136,394.00363
127.32391,0.030388355,149.92294,7.3922276
114.60249,202.478,137.59349,234.08423
62.8621,0.010726929,86.596596,17.674313
84.78073,457.49255,109.3786,489.20178
27.389404,96.936295,51.086594,131.55754
55.839745,574.4293,80.97204,604.64465
86.33229,195.75531,108.34917,226.80493
0.0,357.58618,11.564024,387.56305
93.99567,0.031593323,119.399536,15.112493
