36.19039,354.36053,72.71132,408.73407
19.616219,211.56241,44.40497,247.62704
114.49129,427.79913,138.13297,459.2625
81.958786,353.67392,103.9828,384.63614
81.441086,443.27356,106.83101,476.74182
51.215103,243.77602,75.12754,276.65186
112.86627,226.8247,140.97021,269.4093
80.27596,213.23334,105.88479,248.60883
119.77733,90.09021,145.25514,130.08911
91.72769,1.7653236,117.7486,43.454674
56.52686,484.81378,79.44769,517.98535
51.43393,166.26843,76.356384,201.59967
56.06205,554.2176,82.499306,591.3256
56.697144,64.944664,82.60332,101.57676
89.825455,612.8905,115.352036,639.8993
82.88388,511.66418,116.69168,547.1166
18.705328,136.03503,45.744926,174.1325
0.104551315,534.19995,15.114452,568.52905
20.003763,488.29596,47.96827,527.31573
30.351295,323.78552,53.144753,355.01538
26.915596,59.904743,50.842697,93.67998
87.37807,73.789276,112.041046,110.51303
3.7117786,575.8116,27.626764,605.2321
0.07543564,176.9022,13.549888,209.98592
0.0,65.63974,15.654444,100.04239
0.0,378.3087,11.076706,407.1722
