26.87433,549.931,50.306107,581.1842
91.58046,572.7864,115.34303,604.8943
16.590084,328.3557,42.05164,364.17834
0.31173515,589.473,23.04202,619.63635
51.323135,389.1997,74.181404,420.44012
24.269228,432.94565,47.00325,462.60324
58.89373,582.2274,83.1836,614.3229
0.084739685,522.8992,17.879578,549.8762
49.935745,313.29474,74.31359,345.6761
111.58003,299.0329,136.90239,333.17706
119.28843,57.16916,145.6,94.684525
53.842556,464.08633,77.69403,497.0928
111.40834,476.0664,139.24629,512.542
20.292892,260.50803,45.893723,294.84348
24.689999,158.24622,48.393185,194.768
57.648766,57.861706,82.278404,94.225815
86.109505,149.53134,110.53768,185.50345
81.47024,260.2692,108.35583,300.0673
84.49713,471.02405,111.66193,506.28772
117.185,147.88278,141.78162,181.32883
89.71158,49.373077,115.91016,86.5249
