17.771378,350.64978,41.37794,381.42444
59.299744,59.804523,82.548325,93.769
1.5782585,38.017517,28.071749,77.22036
121.81576,38.877434,145.0751,78.97211
88.37138,494.0014,110.79866,523.8009
44.17552,457.24005,78.42422,510.1588
80.705246,265.5121,107.16847,304.59198
44.599785,274.7326,70.18886,307.19513
82.86388,134.67633,108.43523,171.88074
113.8822,405.33493,136.2103,437.1249
115.18145,550.9983,140.93152,584.01685
51.805115,160.58403,75.252594,191.43285
96.685394,0.0,120.747574,9.260466
0.062190056,474.14966,14.831973,504.0605
23.423218,442.60236,48.698944,471.72888
83.75411,622.36414,115.82261,639.8722
33.17433,632.9729,57.893875,639.84485
