19.564983,310.04666,42.74098,343.1824
30.679878,19.131914,56.06636,52.41678
76.91313,425.3755,106.0742,465.15833
42.16027,365.60797,71.99991,406.85382
82.543526,160.06383,107.5261,191.41814
78.81212,262.7741,105.77327,301.2249
118.270996,127.47865,145.33405,164.04317
20.973291,455.55423,45.574913,488.1636
48.4031,212.48004,74.76064,250.45618
84.47414,525.1908,111.74306,558.8457
0.053012848,115.40668,16.455933,148.06381
119.2005,607.6846,146.69421,640.0
0.06282234,3.8018646,21.524967,44.75511
119.79352,452.2804,142.20029,479.0677
59.484573,0.0,87.745056,25.4381
112.717545,258.16034,136.96132,292.81458
93.768364,0.0,119.07653,14.372381
89.55246,0.0,118.72911,18.742521
