0.11185455,76.06655,21.078838,108.302345
18.570217,440.1103,48.509975,475.924
24.266235,516.1273,50.601135,548.29553
19.664635,293.37366,43.83848,326.61658
120.19625,533.0986,145.38016,567.56586
27.526241,600.65894,54.84634,633.64075
78.46359,396.54013,102.643524,428.34116
114.96837,204.0509,139.16681,241.89575
24.89872,138.43896,48.30002,168.62762
53.430428,258.4589,78.4811,289.51358
27.676008,53.2753,54.1913,87.29457
0.0,583.6841,19.916197,612.3843
115.45313,408.61072,140.9721,439.32214
76.73213,320.74295,102.78151,356.83945
17.90762,329.16708,43.402855,362.7184
87.0345,88.67004,113.99408,127.22723
77.01404,187.22345,106.99808,231.83887
120.198975,104.67627,145.32947,140.15442
50.804283,384.14032,74.75141,416.4261
84.00359,500.4389,110.94729,533.0324
52.475327,464.26385,74.78246,491.77716
0.14335346,493.49512,15.607016,524.3518
91.99292,592.75073,116.64673,623.51587
0.13527107,401.7606,17.191221,430.75662
0.0,197.70932,16.413906,229.41653
49.340454,323.26343,74.40259,357.68152
123.66472,49.270546,148.0453,85.070656
111.09827,315.58075,136.29495,345.02148
20.841942,187.45941,49.43576,227.38354
53.451267,124.56111,79.915344,167.52669
0.0,149.13419,11.747898,185.72495
126.11946,0.0,151.73717,9.796053
61.40781,39.893852,88.763245,76.8654
57.02473,558.373,82.49574,592.18915
25.869446,0.076971054,55.75499,30.086283
89.76431,15.269615,115.34039,60.858315
