0.16603279,115.200005,17.020777,154.56451
111.0509,425.87036,135.54082,460.23816
27.794079,570.98303,50.852596,603.7665
83.87224,179.37164,107.030075,214.5838
51.84308,385.4383,76.020386,415.4096
90.311066,565.5189,114.079575,596.69946
116.05495,262.3897,139.14558,294.0296
18.984203,416.44934,43.221214,446.61255
75.58882,249.59729,101.89679,283.5166
53.997448,516.13086,76.14534,545.12036
0.0,558.8967,19.438055,595.53345
51.991497,156.07642,78.57301,192.73505
121.57969,42.610535,147.70572,79.18669
15.946102,244.84552,39.670807,275.29285
28.345188,49.241684,52.26511,83.29578
48.26232,235.25229,72.69128,269.70667
89.436584,31.612185,114.840164,73.919586
0.34092712,0.0,19.946896,6.089342
