111.38071,391.24985,135.3551,425.88492
80.0824,169.97058,108.816086,213.67844
89.22398,587.7294,112.14531,620.6295
84.277176,499.2348,107.413956,529.5289
117.98602,225.3023,140.47324,253.74878
76.90074,295.2057,101.830154,330.2008
50.684784,511.03687,80.68208,556.0631
119.5471,526.2949,142.84677,557.4568
29.889725,0.020998001,56.690407,29.354458
23.938622,178.42363,48.85264,214.16444
47.881935,103.83493,79.506134,149.03674
10.682602,504.0738,50.301285,560.4749
125.29701,0.015033722,152.60277,34.610428
90.08916,0.06851578,119.87413,38.82759
