49.441505,215.35773,73.70316,251.87091
17.545013,358.10352,39.989586,390.13855
27.41423,565.59436,50.866585,598.0807
45.579643,396.15045,69.93344,433.0158
79.99454,296.8901,104.226166,331.3624
0.08307266,591.6306,22.111656,622.40625
120.68652,597.30164,148.54425,635.0426
117.88414,49.5256,146.60622,92.16211
25.368114,148.87132,48.188953,181.76198
0.0,62.958317,19.91233,96.58844
87.33057,526.3874,113.79663,563.1247
56.43241,114.9843,79.59969,147.9551
58.580307,555.0078,81.125,585.16016
117.7561,150.27637,143.21564,187.86664
86.79639,114.28504,111.29767,151.10449
28.248034,35.051285,57.032364,78.163574
61.43081,0.0,82.04072,7.5280094
0.0,414.39276,12.217622,447.66943
