82.53783,390.745,106.14076,422.0102
77.14067,263.79517,106.841446,303.6242
0.2292862,595.89703,22.801893,628.7209
42.78853,347.22314,69.73363,386.6416
115.836334,367.0108,138.56296,399.20795
124.56578,0.10489273,150.8893,33.929924
0.2732277,78.255554,22.209389,115.65784
112.86548,429.51575,139.00641,461.0785
50.36081,256.9602,75.2897,292.34766
19.830786,473.03223,47.466606,514.35034
0.034254074,488.95905,18.851381,524.9109
50.405914,147.33658,76.12273,179.40842
83.038895,459.1311,107.39757,491.4016
115.97986,123.87853,143.16653,161.9826
58.087296,581.9751,83.82341,615.0112
50.34452,415.69974,72.879295,448.7499
87.756935,557.42395,112.208015,586.9658
26.907444,545.6227,49.622456,572.87866
85.58557,160.79434,109.1073,192.4848
120.817566,552.407,144.40494,585.178
53.742336,462.30478,75.74301,491.96536
19.775894,367.28275,42.396393,398.2883
114.85393,277.32947,137.33646,311.52747
56.9137,53.423485,84.19632,90.6587
2.9617348,252.85123,47.20755,295.2534
