81.63898,266.13547,104.23932,299.86142
48.342606,336.35434,70.966675,367.2137
79.73793,386.70514,104.06529,417.53583
108.6982,287.2806,136.56355,325.69632
52.06703,417.16745,75.61467,449.19473
114.73727,108.53174,144.38272,150.60904
17.611786,316.8104,41.498924,347.63504
0.0,498.66547,17.27991,531.7298
54.44496,494.69946,77.15263,527.1695
120.97637,539.5326,145.13177,573.94763
21.749855,510.17517,50.90901,547.6185
59.02765,569.11584,82.41727,600.1068
91.78786,577.1346,115.81767,607.93915
56.0254,71.68359,82.77071,113.211945
0.2668171,160.41692,14.866163,194.44655
0.0,379.64246,10.273445,408.86597
0.0,256.29773,11.520563,290.60315
