89.80864,612.94214,115.23038,640.0
119.86909,522.4304,143.71313,552.36914
82.290085,461.81696,107.808914,497.60956
19.306938,292.41736,42.617207,324.06543
18.906063,363.12354,42.321465,395.44336
50.679993,333.8732,74.30002,367.81357
0.0,544.0787,15.846289,580.5391
26.196829,466.5916,48.086067,492.8587
80.496,231.62253,106.773254,268.22787
50.640823,446.9881,74.9626,478.66754
111.47063,339.17438,138.58096,373.71942
18.771873,207.6499,42.796707,243.00604
111.13948,160.38481,139.67795,196.34145
23.097591,122.06405,48.59023,158.83212
79.348175,345.7381,107.05057,387.73962
19.220692,0.87085724,56.56307,64.90526
57.506065,66.12634,81.07453,98.42799
88.273254,65.33792,112.59027,100.07968
49.545273,197.9495,76.834885,240.02548
0.15204334,431.26895,13.690959,465.0773
