79.664345,443.17117,105.61027,481.3652
111.986176,222.75983,139.58444,262.54373
50.32965,522.631,77.97565,560.22144
0.0,26.850403,22.213531,66.13177
106.22098,556.9459,131.3889,588.2074
62.79189,0.0,90.36061,19.725975
112.432816,404.69342,136.88728,435.95587
80.84594,271.26117,104.30714,305.8064
52.01384,378.0281,76.17163,409.96567
0.0,422.92822,15.97916,467.9911
22.782589,180.50775,46.86658,219.97308
52.323296,148.71304,77.09576,181.51114
85.87355,147.72379,111.9969,187.08063
0.31312752,626.3396,27.042467,639.79663
2.0049133,356.19513,46.379898,436.75592
8.5184555,628.2726,27.977638,639.9022
0.0,247.24619,11.587172,281.47366
