84.79053,524.2537,109.8555,559.48517
16.939812,352.77585,41.27283,386.81723
30.7369,619.3165,52.59884,639.9098
59.595673,592.19885,84.17268,623.8905
81.92473,347.83484,104.115265,382.0503
115.24452,404.41248,140.2119,435.84265
21.5514,471.40445,44.681976,503.95566
57.660667,0.0,83.30129,26.390493
123.58212,621.75525,145.89133,639.9437
112.21088,269.77286,136.18997,305.2856
20.215296,157.51668,44.54528,190.57103
19.282093,257.08075,42.822193,290.97662
125.05165,0.09064865,152.02873,32.287876
112.78186,151.79437,137.69206,189.56445
0.0,217.35559,12.54456,260.34738
43.17421,309.1858,70.75554,347.14447
53.85487,176.85043,81.761185,211.77579
16.415382,333.11353,42.194298,386.81177
53.980167,174.36705,104.01602,212.25151
0.0,495.42017,12.205305,524.67004
