0.0,70.947815,17.700706,104.97101
61.01424,0.0,86.73897,19.873018
120.42633,599.6873,145.52676,633.01984
86.37918,496.15204,109.07727,527.6974
81.401695,236.03656,104.05775,270.2874
112.43297,170.37961,140.54132,210.81998
114.92682,464.16782,140.73975,496.58188
113.62727,392.21198,136.51144,424.53314
57.266293,595.71985,83.73627,630.5226
18.798431,166.58684,40.91299,197.23589
22.159575,388.51282,45.390625,417.22394
21.798779,302.0667,44.447468,330.29584
46.456932,266.35895,69.182304,297.29498
27.663666,35.507812,53.471085,73.93657
88.918304,87.66078,112.21466,122.95874
78.99277,376.08273,103.97647,415.28452
46.950294,402.0359,75.60702,441.8839
23.934809,472.86212,47.969154,504.75995
38.859154,498.84464,63.715477,531.7284
0.033486366,486.9261,13.525544,516.05023
0.585392,630.6756,23.547367,639.92523
101.361115,0.0,117.9881,6.361269
52.440933,143.8613,77.76396,179.15237
29.753647,488.29822,64.15428,532.0236
