19.127815,386.7342,40.50676,415.7608
89.67207,580.31445,112.57509,608.7766
54.737514,511.6384,79.00424,542.58594
112.741455,384.83636,136.01776,415.7494
0.28349876,0.03432083,29.179125,18.07452
26.972923,586.5967,52.457275,619.62024
48.559372,371.3495,74.49935,404.6183
79.78145,299.88287,104.261734,335.8499
34.0848,4.5865707,58.895523,42.23362
121.095825,3.2519608,146.23923,41.30587
0.018924713,552.74097,19.832443,588.6765
25.101131,106.660446,49.262783,142.4044
22.097626,232.76657,46.140205,266.0007
117.383446,142.82968,142.45016,177.4429
92.15956,82.7158,115.11795,118.11555
117.52966,559.8158,143.66782,591.3639
53.524944,58.715805,81.82039,102.959366
