114.5956,509.14813,142.10979,546.15924
82.85768,192.29413,106.74254,227.85278
52.02357,117.391846,76.85948,156.35
46.218346,298.1363,70.685875,335.44147
23.204765,475.90167,46.842278,510.78802
17.993027,253.93263,41.18316,286.22034
52.41629,457.8635,75.70079,488.99118
0.0,510.70343,18.047844,544.9124
83.6818,437.51923,108.63026,474.53986
94.65213,0.29567337,120.73947,35.482437
123.89562,47.857346,149.784,84.830734
28.138891,45.924675,54.203636,79.25087
88.29547,554.7936,111.68503,587.05457
60.771248,13.399319,86.87112,47.846577
0.025514603,321.9975,10.046679,356.20233
