81.76925,461.1234,104.92971,491.52063
113.73901,312.8327,137.51866,347.3125
49.50457,462.69318,73.25809,495.93976
18.418816,389.1723,44.041023,424.41058
0.0,441.0113,17.355783,471.502
50.594757,243.12497,75.794205,276.71573
115.6165,453.8567,140.2184,485.745
26.870956,565.2062,52.05162,603.37146
0.002922058,578.5431,19.53474,610.45496
86.28199,551.38654,109.78686,583.2945
57.69805,86.1833,81.60856,125.56768
80.19028,357.1729,103.87164,390.50464
0.1916523,135.85812,15.369169,169.77194
22.755592,228.20941,47.663383,263.90057
26.67144,130.45166,50.21469,168.71652
124.094666,562.7184,147.93036,594.7362
114.73323,134.59772,142.9778,173.51031
84.601166,118.48503,111.116974,155.0074
0.0,322.07245,9.680466,352.403
