114.23935,384.53247,138.57803,418.92053
77.12292,101.838715,111.33105,156.09607
49.899536,224.36938,73.45421,259.8136
81.33107,483.08167,106.14476,514.4041
26.390717,555.37537,49.000565,584.4143
28.472435,72.30554,53.128433,107.32797
50.147217,381.58484,71.42761,412.2627
18.269325,352.669,44.96031,390.10187
18.82558,455.3637,42.549656,491.85297
114.52231,467.2249,138.18498,496.5786
113.47502,313.2951,137.74284,348.98126
122.676125,556.1875,144.79025,583.6852
84.92591,562.5094,111.48875,596.0243
79.12823,266.82062,103.51446,300.91577
126.52463,0.027046204,147.34406,9.439465
118.96002,155.86536,143.31711,191.03888
52.447853,450.7008,76.91181,483.95367
76.09596,334.2337,101.67067,370.37836
0.0,203.5585,14.64798,237.43698
60.590393,634.13367,81.77197,639.931
