16.882103,588.5558,56.221283,639.57043
78.47266,359.9538,104.13928,394.25726
83.80615,449.8854,108.804535,479.51315
111.72101,206.89146,138.77724,246.85094
82.53296,507.49243,108.2359,541.33154
51.5215,448.3158,75.22334,480.677
82.90912,259.76596,105.86612,294.19357
89.30916,604.5254,114.5632,639.85034
117.90193,539.3394,146.7841,574.94147
79.85344,194.84836,104.14433,231.8176
49.031708,137.56451,75.26355,174.28833
47.435623,246.40195,71.21004,279.92422
39.859642,300.49997,69.17869,338.1431
122.59253,0.26791763,149.86603,32.13581
83.80325,130.35345,108.53276,163.20844
90.38272,7.964176,117.81781,47.723278
117.25482,114.57739,143.16205,149.96393
61.868675,11.988544,87.2969,48.957714
86.77955,84.29477,114.107735,119.74988
