50.79792,340.1187,74.657845,373.61603
78.93152,293.73495,102.74698,330.44266
0.17542076,525.75525,18.435816,558.31177
24.872038,539.28357,51.930923,571.92883
53.015053,481.88873,78.172035,513.7513
18.634663,244.3053,43.539524,279.42407
86.65239,479.95178,108.69081,510.6742
110.860825,403.46454,137.63591,437.0562
117.99299,523.29846,143.40082,557.6627
0.057315826,109.732925,19.413824,147.5146
124.33652,36.841522,149.29788,70.454475
20.094973,412.9616,44.252625,445.14203
57.186943,581.31805,80.15516,612.7017
92.00339,9.8214035,119.80484,47.570248
90.404274,631.3196,114.35865,639.8982
0.0,386.69403,11.230496,419.03046
