51.04962,316.87872,75.52737,348.87396
110.482574,204.17651,134.64355,236.45532
18.872269,363.8188,42.08407,396.42755
1.0476112,602.6649,27.877094,637.15735
86.28799,527.50824,109.9235,558.0003
50.970108,377.3569,74.210625,407.29068
0.10455322,119.36972,17.304062,156.44473
115.32973,423.56128,139.69331,457.45557
77.28514,421.7139,106.96541,461.53323
90.63101,3.999363,118.28494,41.124413
0.0,491.4632,16.48897,519.3255
121.454636,569.3998,143.9482,599.46936
47.11158,465.36487,75.2512,504.5598
27.975563,570.41144,51.18023,600.5009
0.24596786,0.0,23.690136,20.255322
77.67873,595.42554,103.849365,627.2446
54.462036,56.197247,79.958115,92.4857
36.49183,0.0,59.85177,12.042494
0.0,239.19144,11.123303,270.4019
