50.299454,371.30774,72.977585,402.57153
117.547905,534.56903,141.31989,565.695
114.487274,233.6482,139.50656,268.9319
25.465137,526.67334,50.280933,559.92163
82.41257,375.52405,107.034424,409.0177
55.327774,553.3209,81.399734,588.048
82.51805,479.88235,104.639206,509.52524
50.945198,255.92352,73.474884,287.71185
116.10893,90.98331,145.62608,135.85004
0.026682854,505.4447,15.504267,539.8922
91.69949,595.77295,116.0365,628.83276
90.18014,26.328123,113.5955,64.26306
113.66223,366.02954,139.02846,400.50854
19.202568,253.1325,42.60273,284.45697
