18.299957,246.6287,41.882614,281.62027
80.38844,328.44403,103.44948,360.62323
111.05168,341.9579,137.4247,375.9933
46.513504,290.7331,70.70044,323.28864
0.14532089,134.61243,18.045975,171.30255
0.018159866,419.92816,15.70439,451.81927
114.283066,493.89252,137.73582,526.84827
116.03746,195.11497,139.19284,226.70552
22.44456,460.6915,45.765648,496.04117
121.90558,566.3544,144.26178,598.4452
27.431185,557.5532,52.49254,588.9387
86.60867,533.04913,112.73221,567.538
84.84765,425.87964,107.85177,455.70142
26.648357,73.03056,52.20843,111.66579
54.90955,501.02118,78.48761,532.41486
122.16641,0.17944527,147.9993,29.56485
51.945374,427.47577,74.66437,456.456
62.81024,612.06384,86.32016,639.6356
2.7335396,616.963,26.045883,639.8502
93.93475,613.8883,116.87134,639.7545
1.1866341,0.07446098,26.239124,16.378103
85.60924,67.05232,116.23341,118.16403
31.298111,617.6975,53.930305,639.79395
56.44712,138.68927,79.36556,173.5744
61.820606,65.57379,85.31172,94.34088
40.62816,193.41348,65.77199,225.50504
0.0,480.67523,12.070137,518.1862
