114.43787,480.7403,140.20758,513.7619
84.242805,552.5979,113.57485,589.68555
50.304703,442.7242,73.3923,476.16116
113.21463,152.4531,141.62956,192.95828
58.44744,108.9133,83.087685,147.72101
123.287636,3.2628975,150.84293,40.443806
83.63298,412.18393,107.77649,444.514
48.482635,363.2977,71.55357,393.7684
82.57244,192.643,106.53649,227.90717
112.386154,253.5765,136.08397,287.1633
28.049885,586.2661,52.419773,616.7788
0.2566948,612.3737,25.704979,639.7658
20.257736,426.82208,43.082516,456.12738
43.442497,249.69275,73.34667,291.29205
17.623264,228.53821,42.712074,262.7375
60.41615,5.5068703,89.66197,47.63766
75.47809,265.1431,102.20056,300.696
18.163239,351.063,43.12655,382.43274
17.814827,0.54441833,60.069336,64.69919
0.0,339.2754,14.616115,380.81097
