80.40439,367.68964,103.150116,397.28656
0.23469925,451.1062,24.501087,482.73975
114.83415,398.65912,138.20644,429.5406
19.604713,393.6189,43.851215,424.39728
121.417465,0.031625748,144.26003,21.24146
81.483505,418.26782,104.30412,450.8058
115.91258,541.43915,139.12035,575.8682
76.70215,258.90225,106.06564,299.42465
115.71231,235.85352,141.0906,268.96057
0.12374687,46.879997,19.117796,82.32551
0.09224892,612.2377,22.266449,639.6642
56.50115,109.779236,80.06502,144.42532
28.07028,602.7363,53.89052,634.6011
88.97183,502.83154,111.310486,534.2694
23.250734,167.40381,47.14821,200.6836
67.67676,150.49138,95.31375,184.35368
44.118095,260.4262,72.07951,302.04254
89.58351,625.838,114.56085,639.8168
0.0,317.80457,12.215763,347.5785
