59.831425,569.18384,84.26953,600.9463
115.42081,296.4603,138.3534,325.25272
15.407325,343.0896,43.352547,380.34375
122.91646,37.283752,148.59264,73.02933
121.83334,603.15546,148.21466,634.4274
18.802372,427.29993,41.684177,458.604
26.777908,483.38293,53.74893,519.1582
22.942436,562.677,50.81476,595.87085
81.558945,409.38318,106.54393,445.21484
20.813087,244.5137,44.476593,278.61752
21.006512,153.9738,49.837032,194.49992
115.87857,389.63544,138.9184,421.5927
114.65989,218.36609,142.50638,260.77612
85.29643,527.2815,114.258194,559.57104
48.82196,317.7881,74.56918,351.19128
117.75693,147.86993,146.09085,187.15472
49.865524,207.59775,77.41349,245.71185
118.171265,549.1157,141.60367,579.9697
51.30117,415.86737,74.13395,448.623
79.94161,299.0688,107.19706,338.56396
5.8209,12.538765,34.746914,54.105965
0.22642994,216.75632,15.442105,251.76022
88.38399,76.51793,115.46538,116.70625
0.22385025,134.35818,16.238316,169.84787
95.81271,619.97595,118.7077,639.76416
84.38887,163.09813,109.02046,197.47356
57.824318,55.31336,83.59716,92.29382
87.25816,480.03235,110.08818,510.83228
56.987247,629.17554,84.241394,639.9199
0.0,459.18292,13.933533,499.72626
