112.78992,327.48602,138.25092,364.774
18.90567,285.78082,42.267555,319.0335
50.60675,185.04544,72.58285,215.1138
81.939384,395.7296,107.85786,429.22778
0.0069026947,128.35724,20.70798,159.32022
49.299316,328.56314,72.38961,358.8483
114.80928,531.8098,138.95801,562.9758
82.22702,318.6551,104.98685,350.82172
128.04984,14.158585,150.92264,48.81082
58.37688,74.98634,82.56062,112.29347
67.6075,566.298,91.97606,597.2346
20.740131,439.3084,44.54175,472.0539
33.349907,20.182608,55.918648,56.043938
0.0,563.9304,21.41918,597.1262
0.12353134,365.76437,14.253303,399.92325
119.71762,139.27615,142.36096,173.80106
