18.302132,443.47473,40.15361,475.04272
110.50537,443.0165,134.00278,474.3367
113.132614,235.91428,137.79137,268.40677
50.208336,465.10355,72.4919,496.6641
0.0,135.19879,18.736263,173.13702
17.977074,285.18433,42.991127,318.8069
84.3309,505.98883,108.72763,536.5368
27.576256,614.6167,51.214363,639.385
79.79524,392.83606,103.68056,423.95264
81.57943,253.31519,105.150444,287.7497
84.095245,160.23102,108.49225,195.78891
47.057304,251.6448,74.02647,289.0626
55.45314,542.14307,79.535934,576.61206
120.560455,0.18178368,144.24762,28.802683
28.50879,113.22149,51.819542,145.193
2.40876,0.0,46.71679,24.986868
0.58130836,0.0,30.169191,24.754349
42.25391,7.5707245,87.372955,84.97645
0.0,273.2411,11.728725,304.50745
