113.90379,332.02164,139.25143,366.73642
48.67585,427.27737,74.40736,463.0311
80.93274,195.73792,106.91989,237.23468
79.94783,467.6833,107.19542,504.90253
113.61688,452.74908,138.58128,485.35614
0.0,44.3862,19.321074,81.37121
0.0,343.46045,14.676889,372.97632
19.950363,81.683716,51.50367,136.96567
48.20337,562.2832,80.03081,600.15967
80.09982,371.5818,103.9064,400.78827
96.42587,0.0,122.55081,15.953543
47.363556,231.45847,74.92093,268.2996
86.42822,614.8295,115.18666,639.95197
22.475925,234.02621,46.786182,263.67126
125.40384,625.52466,147.3088,639.9407
27.60048,558.5841,48.956818,589.9198
59.5974,97.1219,83.25743,131.10503
27.91069,561.0319,78.27979,599.23114
