114.10959,494.04175,136.31863,526.551
22.625854,184.73193,46.117577,217.53632
81.753174,358.03662,104.93762,393.90515
28.658005,306.44116,74.2934,373.27905
0.0,580.9763,19.09178,612.2267
88.241745,556.75116,112.514725,589.7067
0.06953049,466.63934,17.847752,494.47626
27.164583,21.244698,52.454117,58.18273
119.47631,50.679844,145.69458,88.353455
79.02605,211.05539,104.71434,246.8451
114.09665,236.43756,138.02777,272.20276
0.32642746,27.772728,23.561611,65.58507
19.485367,467.42636,43.40838,500.5793
27.779055,563.92017,50.860886,592.1211
115.60901,130.75076,141.58322,167.86581
26.927353,99.74754,52.554474,136.41072
88.252975,93.31038,111.72011,128.7601
0.0,224.22107,13.533679,256.1661
0.686676,466.64682,43.0801,500.6935
15.526142,292.5114,41.129745,324.1286
