22.00916,163.77464,45.44501,197.14128
28.092865,551.24097,55.961685,589.58545
18.823956,261.94788,42.915314,294.6754
47.196953,319.32483,70.56975,354.08496
78.97574,334.72858,101.7995,366.20148
114.43114,551.5379,140.6552,587.22626
53.720818,185.9679,78.05045,219.99792
51.470024,494.46454,76.82508,529.1906
18.257744,336.4995,44.383595,371.58997
116.47901,73.14554,147.9331,117.39401
0.06355286,69.111115,19.18771,106.5773
84.942375,507.61862,112.07949,540.9949
110.950836,310.93805,134.09204,343.33527
111.20889,413.38184,136.26636,447.3211
88.34304,626.605,112.69752,639.7012
0.0,553.4892,21.139433,640.0
32.37014,17.049988,58.240402,51.955658
86.15028,112.53877,111.511765,151.95372
