0.166399,36.091957,22.558191,69.55079
115.42557,96.626434,139.82117,132.71329
83.09674,217.1068,108.67255,251.27248
50.997047,230.56976,73.70993,261.25415
17.483524,427.65643,42.852257,464.18158
82.31862,139.79422,106.42192,171.05283
0.034431458,541.7136,19.966434,573.8142
29.155703,0.09567261,55.781693,32.197662
90.29639,59.61395,115.137146,92.91193
82.97127,466.011,109.87416,502.5432
15.006252,327.58423,40.3682,360.82043
107.8441,283.78583,135.23769,319.94427
110.34628,350.2415,134.07684,383.46658
88.87641,580.4445,114.12093,613.5516
34.757217,486.96655,61.170776,520.4856
22.315565,569.1909,51.557053,607.1577
117.29902,540.4972,143.57812,574.1107
72.28369,333.04614,101.09253,376.91443
49.45301,351.49133,72.56266,382.54004
0.0,224.06094,13.051124,253.09396
60.108566,0.008061409,85.43225,12.142098
32.391884,616.79895,56.18048,639.6903
