22.164955,210.84006,44.525467,244.13882
105.06926,435.875,139.04506,477.5127
0.9315071,8.368652,25.314726,43.614456
51.33371,428.7041,75.158424,461.54846
17.27367,313.91187,42.32948,349.7782
84.036285,285.90628,108.10504,320.23685
53.162254,181.99988,80.954475,217.50055
125.78697,34.36464,152.32802,72.7529
31.582613,27.944862,57.486618,62.02027
0.104652405,443.23438,16.24414,485.37842
47.6914,305.72992,74.05816,339.83868
89.26941,104.63493,111.9588,136.51416
91.61865,622.2307,118.46756,639.97705
0.0,227.11859,15.279878,263.25006
58.98964,71.021385,83.18982,107.80431
0.0,117.19911,14.401813,157.43849
4.3128204,503.35632,52.663834,575.08984
0.0,330.27087,13.302952,362.86304
