19.007076,296.37915,41.65626,328.29822
113.75458,297.17352,139.11234,331.32135
83.35542,466.4599,107.226364,495.9178
113.85986,177.94608,140.30472,214.0729
49.572723,230.4025,73.7514,263.3354
78.957855,311.9788,106.68671,348.14017
53.983,146.38156,77.7552,180.79843
50.401085,405.4096,74.562096,438.13702
22.72884,179.67886,49.92818,220.40485
81.75961,232.34955,106.43059,268.68262
25.123314,459.5148,47.24556,491.43448
0.0,577.14514,19.189394,606.1553
118.124,570.901,145.23941,604.985
114.397446,415.6456,140.0221,448.82138
28.415655,601.1805,54.310112,636.7701
88.148476,118.160034,111.63128,150.01953
0.09525108,439.63492,13.929978,475.29892
89.537506,558.51794,113.13019,588.9833
121.94978,98.99733,144.93016,132.278
53.391037,294.80463,76.65517,326.86664
33.58664,19.465889,65.05769,74.72126
52.811783,518.79034,79.89038,551.7789
40.023964,35.680477,84.03088,102.253235
