0.0976181,570.1399,22.565205,603.45435
49.265686,250.92294,71.39466,283.4559
20.541199,301.30707,47.100166,340.39105
110.991196,298.95386,137.49803,334.16992
80.86702,346.1623,103.80611,381.0318
19.533764,405.12393,42.68189,435.92422
82.38481,242.23665,106.07564,271.23627
48.51696,324.6585,71.27426,357.3761
78.480515,426.7235,106.65288,462.83716
119.81291,531.79016,143.77132,565.18494
53.684204,504.58102,77.731094,536.5359
122.28862,11.599216,150.2487,51.452267
53.749176,390.98837,76.91638,423.18887
28.6279,555.8955,52.063164,584.9187
115.37619,224.87714,138.77351,257.50873
30.82541,133.64589,78.505356,211.72826
115.950165,421.63763,139.95642,455.27753
88.48076,574.8735,113.13127,605.25824
92.23997,27.179153,120.659065,67.58441
13.128784,29.585106,55.493805,104.31411
0.40395737,2.2685318,29.633661,41.571922
57.276276,618.6521,85.00424,639.85205
