119.091385,611.3789,147.75957,640.0
0.0,571.64185,19.898361,612.16846
116.074234,395.22797,138.93407,427.1421
114.598495,309.5885,137.29138,341.64563
0.1442337,165.22162,15.928722,210.1065
88.879814,624.9838,114.03077,639.7851
0.022504807,504.6646,14.833204,536.85504
111.53975,186.86774,139.98753,224.59396
58.316017,522.76794,82.344444,555.02405
88.894394,553.60016,111.602585,586.6484
19.558773,287.50342,42.4564,319.62378
79.633286,443.6385,107.93587,482.0866
48.84234,365.6147,74.379425,439.9577
76.08634,332.35138,99.99215,367.3637
19.52279,445.06985,46.478203,478.1063
83.541824,127.74084,109.3369,164.89514
83.11611,187.59518,108.14141,221.09378
