81.25038,340.72565,104.74361,372.14545
114.42653,475.5608,138.91779,509.10443
113.27487,244.49158,137.03226,278.59143
51.183846,416.67706,76.03348,447.8045
0.111629486,564.9728,20.088257,598.4087
52.327656,478.70026,77.94664,511.70923
83.67497,235.38266,106.44856,266.45755
14.916144,370.25775,38.357697,397.60675
50.993942,207.36362,74.94895,240.52945
19.912853,433.2,42.812546,461.66766
49.005783,301.673,75.80393,336.87057
0.15776443,457.34595,14.787822,490.6587
127.77529,0.01621437,151.62772,15.401371
52.01123,128.8282,76.94113,165.41191
112.3145,359.78748,134.96973,391.19507
83.574615,427.19653,105.31596,457.37488
26.841692,523.16656,50.369522,553.8382
111.621216,147.10748,141.19385,193.83643
61.0981,607.8854,84.64487,639.56604
32.274868,16.89209,56.23853,49.464775
25.955559,97.29123,49.594406,132.07011
55.024117,538.1765,79.84052,567.92236
91.71977,35.71469,117.374344,71.64769
87.83615,544.55176,111.13571,574.9365
90.107635,590.614,116.04465,624.15283
0.0,377.76636,10.865833,408.48242
