113.75902,187.08752,138.07153,224.37848
78.18962,284.03278,104.6982,319.00354
15.739886,298.18695,39.583065,332.23486
50.05902,310.19202,72.59513,343.30188
15.20237,219.70865,41.841686,258.14047
35.83864,422.54913,74.04671,477.15363
83.897934,427.32373,106.31343,457.82605
47.106438,242.69997,71.622215,276.49756
26.923767,563.72253,53.50779,602.76416
30.81771,8.96484,56.798996,45.307182
120.58147,53.05685,146.2907,91.14377
118.510864,531.6315,142.58966,561.661
58.82149,540.8517,82.357346,576.0692
20.644815,149.5875,46.324577,184.46973
109.147644,324.57214,138.2656,367.61432
0.0018997192,518.0443,16.665997,558.0033
0.0,619.468,21.148369,639.7864
51.827934,156.58481,78.62496,191.59299
90.67859,35.41324,114.97963,70.74379
85.1201,519.57886,110.51091,550.5525
58.517582,608.2273,84.84961,640.0
86.605446,88.40517,111.404396,125.980606
0.03378868,462.13208,13.186769,492.34888
59.592567,46.04937,85.77657,83.60049
27.234623,400.2391,48.58353,430.04507
87.54384,582.56506,114.92041,618.6876
