33.59401,545.1571,61.165833,581.27747
107.72604,488.48456,135.54037,524.8975
108.328766,276.19965,137.5174,325.33026
50.199005,384.67853,73.4339,416.02045
20.021019,218.13394,44.81218,252.6896
0.5806236,1.4709015,24.195652,43.244476
124.17383,611.37744,148.90527,639.9811
101.356445,393.5193,131.90112,435.73962
0.0,188.93906,14.851789,228.01822
79.22951,320.2672,103.0058,355.77295
20.284985,376.61,44.886143,409.50525
82.94301,481.9483,105.38481,512.41754
31.006348,24.56988,56.329185,59.484688
115.90451,28.089592,144.0564,66.19951
25.51172,106.91585,50.796036,145.20961
54.946503,74.83234,83.272064,116.735886
78.22092,127.96069,105.53662,167.39764
0.0,251.49991,11.365896,282.07376
