17.852085,378.94208,39.84156,411.6933
0.07054138,553.4769,23.319977,589.39685
48.129494,253.2918,70.70139,285.74078
51.379402,403.0083,74.646255,433.2506
84.101135,263.82492,108.47543,299.17776
111.688385,351.41357,136.80939,387.40637
22.62857,485.51813,46.588547,518.36884
120.21672,579.04175,145.25282,614.095
54.111187,526.7389,79.26445,559.0917
25.002432,116.08713,49.67846,151.34625
1.9808369,13.598228,26.47703,48.1034
18.336773,268.64014,41.15224,301.1018
111.39159,146.31621,135.88013,180.20543
0.10962582,149.47107,15.635298,185.53613
29.098007,599.49066,52.23353,630.48553
89.04431,69.06558,113.77104,108.01091
32.728203,0.0,57.511063,13.656527
