51.918915,422.00116,74.59178,452.59467
83.38159,435.06274,107.47955,468.4077
114.35646,155.31458,140.6539,199.92047
113.64453,297.45355,138.23108,332.79504
114.598785,426.20703,140.1148,460.50513
49.57876,310.06577,72.2458,341.98373
120.48044,587.19824,144.95255,619.50244
84.34723,535.13446,108.78566,566.83514
0.0,561.20984,19.12524,596.11365
18.974659,302.8533,42.212437,332.96494
26.87355,576.4437,52.748466,608.234
86.04149,93.87593,109.39543,130.86807
118.53105,0.0,142.74532,12.533715
58.04981,600.29535,83.31195,636.6547
19.12249,174.40546,65.94429,226.8017
