2.3254929,332.1258,41.29512,388.23077
110.211365,488.0299,137.3669,523.349
50.380913,241.86234,74.77851,276.14102
113.65794,301.53336,140.20087,339.75546
75.58711,355.11563,100.61806,389.00253
59.266922,611.6742,84.84187,640.0
82.52019,288.14493,105.72752,318.6461
80.239365,419.98157,105.29346,454.471
80.27077,208.81885,105.65892,245.34802
2.612358,383.9884,41.347275,437.3913
84.00302,522.09985,107.61252,553.91235
48.41478,384.86127,70.34079,414.34845
51.06041,500.1882,76.72383,534.2732
83.02248,101.35095,109.12688,139.48105
0.0,589.9946,22.55455,639.6089
24.297707,544.03125,49.33458,574.7283
48.205185,140.2919,77.1072,180.2745
120.82509,0.3760147,148.95497,53.835632
86.04793,148.0407,110.2896,184.19887
