17.857613,324.56824,42.711212,358.71472
51.97743,535.6123,78.49785,570.5874
19.825428,178.1756,49.640774,221.22015
59.090317,82.84441,83.02214,119.288826
0.116184235,1.8834114,23.335167,44.619267
74.83663,297.68707,101.71026,334.0291
112.33627,221.21982,138.09802,260.9644
0.0,468.5016,15.959763,516.5727
116.14047,465.78143,138.87323,497.12115
80.02792,504.2948,107.354095,536.8666
92.86745,6.849571,120.83449,43.399933
44.869904,380.97787,75.05527,420.2645
124.22226,19.795042,149.06436,53.602783
29.534393,584.6214,52.127083,613.16144
18.013771,405.50128,45.23874,445.45514
