0.55916977,0.0,25.987038,28.180996
82.39731,309.28293,107.9568,343.9221
0.026039124,148.48495,17.210638,183.10046
83.24284,469.73657,108.14732,503.39697
123.021454,65.833496,150.83215,104.94345
50.011803,447.85876,76.14689,480.25598
47.95401,296.9026,71.438614,328.68408
110.69948,363.9981,135.95732,399.61145
28.008522,141.27829,52.065994,176.23495
16.677025,347.95953,40.12686,380.3391
54.682053,547.71185,80.03676,580.85944
59.862267,80.86937,83.62966,114.87138
111.63245,277.14304,135.44337,309.98477
104.23758,527.8673,132.15247,560.03406
20.358955,510.09332,49.168335,550.64655
0.09067917,514.8903,16.511684,545.1038
127.9913,0.0,152.62903,12.074321
0.0,434.2954,13.575774,467.94214
0.0,300.61798,10.557073,331.72906
