86.01733,352.36395,115.75579,391.40594
122.46033,594.2396,145.86969,626.4131
0.0,571.60876,20.336266,600.48816
117.66644,466.98413,140.20798,498.26416
25.536537,536.68774,50.57428,566.8423
86.617744,512.67505,110.25291,542.6653
0.0827961,51.713844,20.004154,91.138084
0.17537498,120.89873,16.289045,152.82774
36.790787,357.52576,66.7767,395.10437
80.245895,291.95203,106.04286,324.80292
105.14697,274.12433,134.77914,318.37567
27.756577,42.4545,52.821945,81.72316
114.178635,138.62347,140.84523,189.26645
54.726547,625.0802,82.29526,639.79016
90.58648,93.92171,115.945656,131.76556
25.418861,203.3919,50.045708,237.23798
51.85926,196.70377,75.05425,230.77847
