112.70314,227.09894,138.92828,263.33105
88.430695,560.92725,113.766815,593.6809
48.93267,323.98767,72.62979,359.42737
115.80502,529.0487,138.8898,563.29895
80.07544,425.51495,104.855804,459.8891
0.1607132,88.338425,22.260529,125.36662
111.06668,380.01398,136.2998,413.73962
51.447563,246.14374,76.40941,280.05524
78.99365,363.76184,103.51349,397.12
20.856571,226.62231,44.58723,258.961
19.514194,303.82764,42.643124,335.61597
94.2397,1.3216391,118.920975,33.13781
50.626686,613.3999,83.236885,640.0
19.223946,154.86673,43.376648,185.99301
18.52998,434.97986,41.98872,465.86768
49.395607,447.17944,73.35955,479.6444
79.24324,310.87628,103.39763,343.32172
48.794548,386.55704,72.93066,418.53384
56.151672,518.22656,80.07138,548.71045
0.13567162,586.2814,22.697613,617.652
118.46118,107.79761,143.47058,144.17006
0.0,188.9705,14.535795,225.29472
83.499756,218.49434,106.12845,251.03847
60.554382,0.0,84.95859,17.98344
20.108978,494.31464,45.45295,527.0892
53.670486,103.87486,81.82625,141.83063
26.426334,565.96204,50.861286,600.1
86.499176,123.81615,110.97266,160.89223
126.4873,0.06339073,151.802,28.572817
