115.18178,197.35168,140.60785,236.62103
87.16429,562.5224,114.79912,597.0756
0.0,558.62396,19.280598,589.7923
107.42833,380.062,135.10226,417.18213
80.62694,454.49124,106.34013,489.1594
121.84396,528.5635,143.5932,558.4934
27.319538,549.9089,50.47881,580.8604
126.169586,615.30707,151.56314,639.7504
51.230644,478.0608,76.21827,511.44916
32.658485,614.35803,59.789207,640.0
15.435688,420.6762,40.155125,453.1374
2.5622902,191.83655,44.127914,253.09052
24.133186,470.47815,48.66252,501.13354
82.76303,228.69717,106.445984,261.52292
78.5916,351.45306,103.35751,387.03363
2.089405,242.59569,39.517056,304.50793
52.194134,183.30414,77.00093,219.37665
75.58835,291.87457,100.27011,326.26703
0.09985161,625.23206,23.368395,639.9259
46.194992,390.00128,72.91888,423.23102
81.33101,171.90088,106.04581,209.3418
51.50579,105.25404,80.7752,146.05504
48.213455,285.5355,71.6795,317.27646
83.592896,88.769485,109.40219,125.93652
