81.99007,321.11395,104.43965,355.30634
0.0,515.7208,17.257076,547.5851
59.417446,4.1870956,88.5766,44.725876
0.0,127.86713,16.887661,164.90958
48.961708,325.98926,71.72931,357.0666
18.72213,296.57715,41.225548,328.3545
112.39609,471.65094,139.05005,509.28485
59.09945,385.89664,84.72262,419.19113
56.996536,590.80786,81.81621,623.85645
41.637306,457.43964,64.827034,489.48602
115.81659,135.5676,141.20334,176.14603
84.11447,524.06067,111.55423,563.4552
0.0,430.3855,14.147912,462.16406
25.466064,162.13443,48.446213,196.1777
69.12937,75.88568,95.69366,111.081085
