74.924194,331.29114,102.49443,372.11346
20.105747,363.9956,44.059048,395.68518
0.40825844,44.48829,24.991875,79.3331
46.864944,298.5859,72.61754,332.46658
37.498383,605.82007,62.06221,638.53125
107.51509,356.36584,130.38326,389.0564
114.79071,180.12106,138.94052,212.86508
83.35893,504.99646,106.93625,535.70715
0.080142975,583.10785,19.7823,613.03485
20.74163,491.3224,44.78939,520.1515
90.88817,22.30777,119.308075,67.8019
53.258526,129.3483,79.07515,167.56967
116.51592,490.65662,141.30774,521.7247
20.140633,186.72165,45.034737,221.70401
100.13896,129.1019,127.53908,164.07156
0.0,346.87335,12.990119,377.88312
0.0,247.0524,10.413284,279.6315
