114.612885,451.58783,138.6478,483.29608
80.69151,363.39667,104.282425,399.9261
20.404217,298.542,44.50678,331.2246
50.718933,432.40015,74.76303,464.6709
0.15216446,615.20325,22.758923,639.8176
114.844635,216.00656,138.88504,248.12729
20.288082,451.27072,42.86136,480.06937
0.3949108,35.60649,25.236158,84.40284
86.250084,156.71674,111.162865,193.03229
20.751938,172.79294,46.70974,209.27786
50.679264,131.47665,78.0748,169.6008
120.97575,622.27966,146.61058,639.95056
28.66171,75.80083,52.547638,111.4556
117.975174,78.425964,144.75685,114.888794
59.969612,0.0837059,89.368645,32.89377
57.587517,571.0217,81.23579,602.47205
28.960388,0.0,53.409813,16.681124
