79.8891,407.5271,106.697235,444.39697
111.44983,384.07745,136.21133,420.62054
79.87181,311.59824,101.87712,342.84653
0.13038063,592.032,19.791098,622.256
50.704033,408.58093,73.24325,440.79028
21.604439,469.66772,46.11692,498.7345
53.446785,0.0,86.55825,44.877228
107.2366,127.91717,145.46544,183.87439
116.087006,581.1681,142.70877,616.8578
110.70151,250.12547,138.11829,289.89697
25.943449,139.73732,49.155136,173.63258
122.84045,66.42813,147.16296,104.08371
90.04466,75.68927,115.041214,110.55194
55.04509,120.789825,79.80777,157.44305
128.78552,0.0,151.53973,10.551588
83.38388,149.06659,108.62021,183.80783
83.35408,127.475876,146.13652,184.14488
32.18818,631.08905,54.95806,639.8593
28.094543,59.110466,54.949593,96.82429
