79.35811,339.62057,104.55531,377.2775
113.69954,375.7965,136.57832,404.83826
115.971115,431.0765,141.91322,466.42703
16.831882,346.22284,43.246082,383.68365
111.05591,294.70468,136.20258,329.0519
0.48301888,0.0,27.75188,35.209637
112.88025,226.26944,139.30762,261.06235
50.671425,232.35895,74.814964,268.02985
0.22867584,533.68317,20.644375,565.5069
115.38637,482.313,140.18077,518.6011
18.816734,393.08597,41.901337,423.86618
15.97194,299.34515,39.776215,332.9295
86.343124,569.75415,113.96649,609.89294
49.497414,395.3708,74.53784,428.18256
121.52632,109.85797,145.7596,142.9767
17.47039,243.31233,43.655674,278.79352
56.94734,508.47412,80.66423,540.9574
25.461712,121.29889,50.28017,158.38107
120.40114,557.3146,146.20671,589.176
84.83489,232.10904,108.29102,264.95438
23.384134,201.01054,46.584023,233.9741
80.1137,424.77173,106.94776,460.65393
122.72197,600.63434,149.32497,633.76483
87.034966,118.10162,113.168724,157.12164
89.5742,12.678322,118.68855,57.78997
22.85599,480.49805,46.687683,512.2134
0.24528694,139.58255,16.694586,177.62854
26.58014,547.50073,51.168106,577.80786
58.118534,113.69799,83.17828,150.12427
0.0,206.7243,13.996414,240.40222
0.34254837,59.846363,22.487392,98.96956
29.856628,611.83875,53.984596,639.5658
