117.38956,491.12878,140.97519,522.17847
52.507263,483.42804,76.01181,515.9001
24.223894,601.692,48.01764,634.6239
0.009048462,552.8491,19.400574,585.9597
82.51166,373.01337,106.56941,404.55017
87.9508,493.72668,110.57806,521.926
10.932667,114.36276,50.58423,167.61691
0.0,202.4415,14.774444,238.10556
107.416626,170.22528,141.7608,221.3826
80.91905,184.87918,108.01128,221.04886
58.469284,121.01149,83.08392,162.52437
0.0,449.84485,15.17555,487.82483
49.12789,120.82358,83.50878,163.66049
6.424164,373.21838,47.841377,464.5348
