43.84984,329.59784,73.302475,371.3792
78.91399,267.39035,104.34169,304.07083
105.34723,137.47571,135.924,181.01086
82.15619,461.9737,109.4771,501.07562
119.48396,518.4447,143.21638,550.9779
13.745202,316.31378,41.301765,354.90515
118.627625,602.9673,143.18802,635.9873
0.067379,39.203705,19.690495,74.8186
11.535923,121.450005,39.457607,161.47638
104.96239,352.8853,132.92772,391.89948
24.833492,538.5042,47.921192,572.03424
52.432716,103.21529,81.24757,143.65652
30.82607,616.2561,55.26577,639.6909
24.931114,42.25538,52.273598,83.82534
53.90795,487.19775,77.42863,520.7483
0.0,281.69165,12.585518,319.1568
0.0,394.8617,13.285473,436.72882
89.567894,613.9553,114.69042,639.97217
0.4244995,630.8048,22.84771,639.8629
