18.175575,276.1011,40.852573,311.17795
49.4523,410.80127,74.73765,447.32153
81.61564,483.5702,107.57098,518.1223
88.186935,565.9518,113.15755,600.00745
0.11582947,623.34717,21.726723,639.8767
0.1510868,472.8292,17.047579,504.19345
115.70766,237.51877,139.7829,271.39633
23.609896,390.0835,46.435135,421.42126
0.15474701,48.998257,22.823593,86.22229
111.66948,444.0113,139.62431,483.1056
26.952093,97.65651,52.006187,134.07327
114.80209,345.0357,138.71439,376.4699
83.490906,232.56674,106.96829,261.64105
26.053751,563.76953,50.85183,598.0657
116.311066,522.87915,144.08737,558.19824
22.69949,203.56339,46.497326,237.37442
81.48474,370.96243,104.42517,403.80008
54.970695,512.3865,79.21313,542.328
0.0,122.43242,18.627419,166.6361
22.463806,471.53763,45.992607,503.5709
50.03292,243.73512,73.74772,277.31262
84.00702,146.78519,109.59357,184.53549
57.224228,134.35172,80.78461,168.25754
116.44853,102.656296,143.47081,140.1548
62.170998,620.2294,85.41328,639.87244
63.44181,47.445084,86.703835,80.21566
