82.38882,465.77777,106.1748,500.65735
19.086521,427.11978,43.751354,459.61063
114.35866,229.60306,138.06367,260.55313
0.049871445,280.73004,14.871656,316.98334
83.11894,133.00357,106.988785,172.84375
81.670135,219.46915,104.867676,252.36588
27.359867,588.46375,52.089977,619.9662
0.0,552.3986,18.340591,584.63776
61.76826,13.102367,85.75902,48.462902
58.56362,528.60547,83.28115,560.3955
92.759476,10.33773,119.07677,44.064926
118.35257,573.10913,144.52359,608.62866
32.05654,0.0,58.200584,24.26881
117.597595,73.84038,144.62714,113.05856
24.533575,169.41742,47.020485,201.53247
56.01878,172.12564,79.26332,205.72452
