24.564388,554.849,47.62469,589.12
82.34595,445.45624,104.549194,477.33856
16.962517,381.15594,39.892925,415.41138
0.0,64.84624,23.540878,101.745316
108.85173,386.39636,131.76807,418.04224
77.68808,327.52722,101.60951,359.56067
50.975376,0.0,86.82672,23.942226
122.05143,602.4115,147.88199,636.65173
51.52722,484.88464,77.127594,518.49365
115.78165,168.84207,139.66159,204.07523
47.984566,408.44232,71.21673,439.95453
91.373474,626.1227,116.80362,639.84375
89.54433,85.982666,111.941284,124.277405
31.271635,48.98058,55.79039,81.07149
19.462234,222.36475,46.027832,257.1003
84.47322,181.30313,108.2995,218.15576
50.3658,187.08691,80.07724,225.29047
0.0,207.46756,14.534147,241.215
