114.26741,210.12973,137.22673,240.02573
115.45888,510.12704,139.58258,542.0812
88.6151,96.96704,111.58618,128.61087
19.67788,361.87485,42.949017,395.57797
0.183321,432.41406,22.421146,471.76843
112.52849,340.20322,137.52835,374.09152
84.34886,584.4433,114.10011,618.038
46.271202,291.3496,71.20977,323.50842
78.52133,294.5423,103.161865,327.5959
54.671165,579.8074,80.18575,612.48315
121.561386,87.80086,145.57509,122.68724
25.501469,569.3519,48.947742,600.9376
50.117157,380.22742,73.56716,412.19537
90.888275,0.0,116.45615,26.926643
1.6656151,167.9347,41.975056,245.923
0.32347298,157.65234,22.539722,175.81787
