23.683056,336.07745,54.26823,375.34558
51.6426,416.72064,76.04773,450.91492
113.35536,363.4039,137.13036,399.67258
20.249172,478.31705,46.671864,511.72537
0.6302967,38.79432,23.628807,71.45141
20.134354,230.4083,45.57441,264.33096
78.05078,352.40472,104.28836,386.89886
123.460205,17.332153,150.62857,55.997444
0.14175034,104.960144,15.234317,139.97888
118.22315,122.04048,144.40869,161.06639
115.66264,196.48514,138.74849,228.32321
0.027389526,0.0,20.126163,31.441418
18.59219,297.90387,40.705498,330.11047
120.42888,590.3413,148.25282,627.2693
23.375076,185.91742,47.220306,216.7865
81.96721,183.00046,106.40839,219.95389
53.9358,162.42899,79.72219,198.15732
22.45456,541.863,52.7201,585.4179
25.86839,35.325043,55.19343,75.3687
82.70039,435.97058,106.06543,465.7815
50.535027,298.21613,72.0845,326.23737
55.71337,503.21124,79.11007,533.01544
88.21416,532.55237,112.77232,562.5365
52.983418,232.08853,76.65663,264.89774
19.57976,411.17328,44.670822,442.45245
0.0,263.15265,14.3038025,294.0506
59.0874,91.86795,82.94879,126.79019
82.690315,263.7072,106.14539,296.65668
82.74379,63.975105,112.635635,108.35447
9.255192,602.1953,31.606354,636.8651
115.72778,266.6881,138.43127,298.1007
