82.611725,386.63818,104.68729,419.4845
119.91702,624.2772,142.44995,639.8237
82.95187,162.8983,108.19348,201.058
114.91185,439.79047,139.67868,471.50482
83.64665,467.81586,107.1277,501.8758
89.33751,592.4757,112.22507,623.58875
0.0,475.14935,17.813816,506.33008
20.920918,482.57172,46.477093,516.20184
22.767054,317.27216,45.193672,347.22052
64.65996,5.986683,89.44243,42.845898
0.0,131.7933,16.048298,172.50128
0.09202671,240.52567,15.150819,275.23325
49.388466,454.86578,75.98936,489.8183
116.54412,90.135284,145.22705,131.38333
91.81723,15.051882,119.42494,53.322556
57.258728,122.73874,82.1328,157.082
112.367386,231.98044,136.29478,265.02255
0.033316612,354.0395,13.729566,387.33588
30.860855,225.54462,79.05919,300.05865
