16.236546,271.3056,43.549374,307.41193
82.27617,456.4394,106.2834,483.6573
0.0,589.5814,20.008415,619.7042
116.14659,146.0951,143.04585,185.63452
87.43446,541.9701,111.29054,574.2385
44.83864,332.32,72.84471,372.34955
51.96848,481.85736,78.34177,518.0898
115.38608,480.26447,139.85748,515.8737
79.4454,360.36688,105.48144,394.19635
0.10492325,76.97078,21.878485,111.3186
86.67056,267.35303,108.63321,298.61963
18.814034,400.72015,42.06613,432.54584
25.106745,468.33896,47.923897,499.05502
120.468864,565.2263,144.20612,593.2976
59.145332,91.54872,82.74523,127.82066
58.29996,579.00964,82.10022,609.45215
28.020649,44.451042,53.95236,81.64048
90.1346,618.38135,115.38347,639.87646
126.09972,22.751108,150.42723,61.48902
91.70012,54.120308,117.35188,89.553185
0.12996006,190.03976,14.506263,225.49524
0.0,361.1905,11.676165,393.89978
