111.49176,481.2536,137.56784,516.4808
18.195019,395.15585,42.166737,428.84317
80.64728,443.31354,106.40149,476.78632
0.094005585,465.30316,17.565716,494.35852
27.084732,526.0239,50.724197,558.4512
79.28093,224.1951,108.00786,262.86307
20.541252,164.69235,48.942947,204.72821
88.98059,565.0731,112.15253,597.64966
41.416626,457.43802,64.43228,488.25266
21.236443,248.3861,47.75457,285.98486
58.277794,574.62317,82.88285,608.07654
74.46141,81.58865,109.4781,129.5465
13.032205,331.51645,42.810936,373.70712
108.59169,287.16702,135.74486,324.0745
80.29855,328.91107,103.27844,363.77032
31.293148,626.57587,57.839863,639.7171
119.96428,72.927155,143.52754,108.97467
60.546864,81.05191,108.62648,129.91853
117.85617,9.47961,147.83496,50.61749
0.13547134,123.52607,15.492983,158.36938
28.042984,51.63684,55.80224,89.157
