19.675198,184.7808,46.543194,221.61378
81.358505,233.11371,106.29762,268.6331
115.47049,187.42041,140.01892,221.52618
18.562237,261.16632,42.179085,294.2226
50.45848,251.50293,75.585396,283.9748
0.0,121.77565,17.57226,156.93532
0.1941948,570.32355,22.456142,598.49384
16.635162,311.62073,44.084717,359.24622
62.272305,27.357449,88.45831,63.96417
77.56978,383.2378,104.55989,417.0006
0.22260475,46.38916,22.978498,81.21838
111.98544,298.4519,136.86517,327.08215
91.01659,110.074356,114.227554,145.322
27.321075,62.220547,51.82885,100.66516
113.76579,378.45673,139.93414,412.85345
114.15317,439.2221,139.87335,475.80078
121.429726,571.577,146.94888,604.84546
125.44736,0.0035972595,152.57938,32.70606
52.78798,127.679,79.82704,162.54994
92.29071,618.68774,116.75458,639.8596
16.49445,311.98395,43.475567,383.9843
0.087285995,208.52722,13.602182,241.02148
54.0023,426.42133,76.58336,458.73834
25.872068,127.992065,48.657074,161.70944
120.516815,528.8106,144.11871,559.7895
84.55287,561.10254,113.774216,601.7876
20.911741,420.6908,45.721603,451.97363
21.976645,486.34253,48.391884,517.50696
117.13132,109.71657,143.66333,145.44046
82.50078,456.16125,107.93074,491.66016
0.0,482.607,16.539808,514.8615
