79.84398,312.85455,102.7435,343.14777
19.012264,331.58066,43.377514,364.04453
79.83897,200.4086,108.158195,243.32333
2.4450092,396.28552,28.893547,428.95215
27.563013,97.67026,50.854713,133.56119
117.54448,166.6691,142.16423,202.74246
114.27472,338.33463,136.21422,368.98782
117.9946,588.01886,142.07333,620.5695
78.99664,362.19687,103.736206,393.6478
56.784195,577.04016,81.650345,612.79504
60.361565,37.585464,84.74125,72.80509
25.569649,544.99915,50.29048,577.1073
0.0,564.38074,18.543995,594.51624
85.04147,450.90164,110.5307,482.53787
112.87877,490.4134,135.8542,523.737
47.4151,185.49509,74.03117,228.03116
81.60605,67.3867,108.90459,101.67006
0.47670937,0.0,22.138725,12.603979
87.75713,573.61523,111.23478,604.2134
0.0,257.46793,13.044136,286.04532
