0.0,203.41699,17.824745,236.31165
108.19112,338.54102,138.43433,377.28467
119.34627,553.17664,144.3734,586.1068
0.0,605.77844,21.241882,639.0126
48.157257,353.1231,72.0264,387.2669
82.243744,437.5157,105.85437,467.84125
45.279724,260.469,70.862564,295.2036
20.217888,317.9574,44.03128,351.3098
52.5096,469.35004,75.80281,500.82666
84.59166,170.64917,109.3387,207.20859
87.906845,532.03455,113.354996,566.15784
14.501251,83.554306,50.8201,141.9877
3.8173351,444.93732,26.710337,476.55414
5.679821,487.9215,49.776844,546.67944
59.795296,5.1004333,85.74679,45.93885
115.07805,128.49304,141.70457,161.57922
0.29143906,63.013386,23.721722,96.49852
92.51165,35.795715,117.32679,70.27442
58.33962,109.72615,81.08296,143.8289
121.805664,35.777237,147.64081,72.64774
35.983765,573.8534,84.04909,637.4735
0.41910934,444.87762,26.90128,501.14978
