116.43783,512.3296,140.46164,544.7584
51.51693,452.26196,73.554344,483.34863
52.819115,357.13693,77.35201,391.6047
60.42122,4.470707,89.648895,43.59524
83.61798,526.157,110.0502,563.9713
114.3667,304.85358,138.79921,335.6452
57.231407,88.82789,81.30192,123.74137
56.19686,544.25574,79.80813,575.8373
114.55832,172.25476,139.27832,209.18945
0.21033287,616.2881,22.671295,639.6677
53.266068,243.92967,75.96391,275.29712
81.73743,189.27518,105.603,224.88095
26.354776,580.7179,49.98208,612.49744
0.0,321.3933,15.662684,358.1917
28.277618,24.874481,54.40695,58.89235
124.40622,0.0,153.68561,26.618176
91.073814,0.0153923035,119.722755,34.943893
