56.87404,566.19495,82.89601,599.65173
27.065954,34.94448,52.373146,71.715744
78.13927,364.17007,104.74449,400.42203
61.293198,0.33306885,87.49719,34.784817
85.56239,507.82782,110.76074,540.1077
0.039972305,525.9303,23.187782,564.8185
115.774826,399.95264,138.93935,431.9181
18.992943,265.60535,41.742126,298.79712
48.988487,345.53043,73.42301,377.1843
111.8703,227.37564,139.43704,262.38028
23.10476,373.42633,46.032265,400.46503
116.941925,57.212093,145.01483,93.70688
24.009186,115.51326,48.36844,151.4236
90.414154,612.56323,117.16196,640.0
21.843206,196.9678,45.48867,230.34439
79.1455,245.94437,107.02723,291.32474
51.661873,236.27353,75.98626,271.31134
52.793312,116.16096,82.38409,158.39856
0.07300091,56.287415,15.60791,89.71553
119.778275,619.6521,145.40828,639.96814
84.670944,137.83783,111.480545,174.6831
0.0,207.99876,12.327764,238.11009
