80.208115,291.00473,103.24632,323.02884
17.81234,379.4223,42.554695,415.1825
115.4642,467.16812,139.99788,500.48508
49.202103,233.11664,73.15721,269.22766
115.45953,238.80475,138.67009,268.04675
26.781446,3.3486557,53.686676,51.376965
84.29112,477.6663,108.14748,509.35434
26.125364,515.8601,47.965805,547.88806
121.36638,589.5928,144.80031,623.32495
119.05226,63.917614,142.28691,99.49541
57.612816,525.09937,79.58938,556.0105
0.0,619.7373,21.682173,639.73206
84.4177,119.524734,109.79165,156.39415
0.0,520.0873,14.750946,548.444
60.873978,51.615463,84.212585,86.76463
0.0,263.97467,14.446461,327.33038
