76.36081,320.72974,101.51337,356.24
38.529976,289.47418,66.73081,324.00397
59.33592,416.73517,82.45323,451.26447
115.115906,577.4244,141.67242,616.7791
0.0,504.88446,18.4072,535.3193
27.022018,603.89233,54.729073,639.1975
55.44651,505.64197,79.781,540.1614
115.129105,415.91476,139.83643,448.33322
121.64627,54.482014,146.23627,92.7386
0.18140984,145.42175,16.820673,175.16101
2.0158806,0.89429474,29.708359,39.74311
87.35885,496.2978,110.16758,528.31866
20.42855,452.14252,46.585403,487.1679
0.25294685,588.93536,22.954548,617.8697
88.109726,127.744934,111.37866,160.66678
91.85339,626.04767,116.259796,639.89496
99.65488,626.46466,116.32977,639.96747
32.596252,55.227398,56.394318,86.65306
0.25979424,411.65466,9.849325,469.72644
58.482685,62.249374,83.89104,100.52759
