20.41939,424.96375,46.221268,457.91235
82.2271,409.0661,104.06029,440.136
27.53196,72.36618,53.466927,109.63408
51.72338,170.40372,74.856316,203.93185
19.759666,317.38303,43.492035,351.39578
116.56665,88.32611,145.17169,132.53171
114.947174,229.7655,139.12833,264.81537
26.282997,533.6914,50.434532,564.25415
51.468643,432.99072,74.88011,463.94385
50.01265,302.40466,76.1953,336.2234
124.285965,603.08636,147.57918,634.7476
0.0,140.01416,18.027803,208.61066
81.29257,172.60672,105.75256,207.75891
0.0,500.34485,12.545211,531.42725
91.34848,632.00446,114.00717,639.87665
