14.296142,393.65875,43.51013,428.8249
0.6157551,17.258646,24.278942,52.787712
89.39079,546.59265,112.02449,577.21204
110.94058,394.8204,136.61241,429.54068
121.39395,124.61098,142.56854,156.6447
0.23953295,548.0648,16.115173,585.40894
58.885292,563.28687,82.76855,596.84717
114.61424,221.70842,138.73593,255.40288
119.73014,523.2926,144.61874,552.73865
121.91518,13.242664,151.41933,57.801258
51.95066,412.2716,75.93434,444.10486
76.196304,385.72736,104.13905,419.5567
0.047197342,122.3221,17.479542,155.62868
0.16196251,481.42804,14.397818,512.3205
29.308258,578.5419,54.743042,609.2251
43.182762,288.46414,71.2457,324.6235
50.98771,218.70265,74.876045,252.17668
86.29561,102.77663,114.34627,146.9185
59.322556,4.7288513,88.27095,45.717842
81.763916,316.8819,105.022095,348.35834
55.497543,116.32761,80.643555,151.1283
20.153168,138.00363,49.44689,178.19131
20.398817,229.0379,44.93808,261.729
87.778534,481.7492,110.387085,511.18317
49.721855,470.94077,75.50144,508.6542
0.16418076,246.08093,13.991055,288.69476
109.603424,321.27106,132.4021,351.88043
90.03894,631.7932,116.50519,639.94214
81.39424,235.85394,105.89339,273.7038
23.298668,469.7075,47.988373,502.33987
28.846054,35.552666,54.38154,74.04754
