74.80928,311.07504,102.66954,347.73715
81.732315,154.28183,107.74318,192.14145
82.589066,364.68533,105.74278,396.99466
0.0,58.26164,21.72073,95.2166
114.21942,204.57202,136.98695,237.12457
16.089796,610.70215,57.51651,640.0
91.84566,51.61334,116.499954,86.20087
51.053474,189.70691,75.15893,224.7038
28.829407,140.23883,52.931305,172.03662
122.96196,597.3944,147.58946,630.31824
21.496557,496.22156,45.088707,527.62915
20.572775,332.12805,44.19172,361.1599
0.0,463.4746,13.884912,494.56238
86.52208,548.9362,111.48302,583.51434
59.572002,76.92755,83.4828,112.907135
0.0,359.98764,13.246369,395.69846
