82.52734,415.91763,104.35149,446.50455
48.76287,200.39053,73.39437,236.62936
81.852646,188.93692,105.01311,222.99786
120.80653,516.4844,143.91939,550.3921
89.73068,533.8737,112.02284,564.4732
26.96529,109.23866,51.741657,142.70692
43.02694,400.4685,70.76272,436.97815
113.604614,373.90033,138.38159,407.82355
0.22806168,108.68979,22.17881,148.59842
51.0886,541.3639,80.12597,581.3153
26.937426,570.6383,52.022064,602.047
18.751144,331.83078,44.486176,367.56583
89.932434,53.390495,114.27933,89.16555
118.69703,65.52246,144.14807,103.94641
61.566586,19.825386,88.323975,58.171898
0.06668091,565.6713,17.722122,592.62384
0.0,387.5373,12.038032,420.6823
0.0,283.53882,12.017117,315.0454
127.4943,0.0,152.76974,12.864046
