113.42308,448.82178,136.88469,480.35693
51.775482,393.2846,73.9362,422.7155
19.391533,320.25543,42.498627,353.5318
83.80437,500.88104,109.252396,533.9532
0.04658699,492.7447,17.613125,547.59186
109.65332,256.97983,134.4443,294.1863
122.51438,68.79224,146.89859,106.40747
0.0,75.034584,18.19943,111.64709
21.645887,200.54929,43.98828,230.28091
50.711067,224.54602,74.93592,258.74524
0.6286011,0.24791718,25.881813,29.45486
127.16589,7.25914,152.53815,44.09443
84.16697,219.03194,106.64811,251.24956
87.87133,91.20199,112.17112,125.35529
115.82962,190.33095,139.78607,223.82494
45.17655,553.59845,84.94184,626.3537
18.232164,501.32953,49.1597,536.2087
53.840195,90.182724,80.039795,124.84239
26.51616,22.50875,51.003136,57.769882
88.86303,28.93743,113.486626,65.56376
113.21872,145.69302,137.35016,180.05527
