16.738438,411.59216,39.042774,441.88745
49.97682,332.4782,73.92204,365.6772
0.0,12.312653,21.461948,47.78813
19.748055,265.92645,42.86753,300.41937
0.054466248,517.22,22.072075,547.9236
83.10487,326.33563,106.15773,357.6717
121.24593,563.23395,145.86447,596.23126
109.08568,390.9378,137.26561,426.028
113.52521,297.0489,138.67314,328.12494
53.218796,468.96454,76.41202,502.4682
58.12296,594.4081,82.78281,629.97974
83.05188,468.1129,109.24631,505.21313
84.94835,532.0995,110.10411,566.1763
0.0,355.3876,13.666652,387.7496
111.69827,155.25626,138.62744,191.54929
50.067177,212.50526,75.57654,247.48705
27.897629,528.5297,50.585716,555.3848
28.20295,53.90322,53.419403,87.24276
81.112305,186.44043,105.92618,224.3288
60.248543,25.078596,86.58518,61.570877
124.215805,51.148304,148.57301,86.78197
53.57494,150.82994,78.83952,185.81859
89.315994,612.94293,113.31587,639.71295
21.053171,203.03961,48.89602,235.09094
26.306206,136.97546,48.666214,168.65576
122.47635,0.0,150.3096,21.792149
