114.61815,206.81989,140.11766,243.15051
0.0,29.656218,19.143103,64.703186
19.35379,463.30396,42.045784,495.9469
83.48691,253.01302,106.673096,286.1972
48.72505,280.76425,72.47633,314.23544
80.77447,397.87073,105.69489,430.87378
48.406815,188.24109,76.93336,231.91351
19.419151,256.50513,43.564896,287.59985
26.842432,170.45032,49.42016,201.35126
83.905624,147.54227,109.54295,190.11234
47.88894,376.03693,71.80349,408.46356
110.14746,316.27405,135.80215,353.26154
116.642494,129.44174,141.92386,166.86557
16.677715,583.25226,53.21162,640.0
26.891537,94.03998,49.855953,126.62529
90.41173,22.04922,116.95181,59.92765
54.139996,514.91956,79.06334,548.91956
88.95973,512.3439,112.07692,546.496
55.84765,66.322754,79.09824,97.93939
0.0,169.56366,11.489635,198.61053
117.60515,600.6111,143.74501,639.0902
86.420204,618.2599,112.13026,639.7882
