113.18454,455.96454,139.23096,489.13995
0.0,545.8334,18.909164,579.27747
81.394165,324.1233,104.48532,355.6715
115.02666,226.4932,137.8125,259.53696
84.02879,220.02974,106.79906,249.7353
25.938381,505.0661,49.69488,535.2609
112.48744,339.00238,136.20122,372.80536
20.059418,415.87695,42.884293,447.40698
15.081154,354.73053,37.625427,382.86603
52.30684,467.01306,77.763214,497.85828
33.260376,0.39243698,59.2872,30.964703
50.750504,403.64114,75.50593,435.66458
27.448105,76.418106,50.474503,112.49585
49.84497,288.63498,76.55368,324.28812
86.21954,524.47455,111.30228,557.24066
83.1846,411.46967,104.85397,442.20514
51.38125,191.3936,74.7999,223.66057
0.0,438.21613,13.6593485,471.6892
55.26706,525.6929,79.764084,556.1748
89.432144,572.05023,114.59517,604.9216
59.947975,594.8798,84.35221,626.65985
112.93756,128.7243,142.15405,176.02325
52.99827,111.3634,79.5216,149.51355
93.0477,12.16996,118.7663,49.923252
120.579834,617.4919,145.77618,639.78705
61.473343,12.1875,85.849335,45.97412
0.0,356.2397,10.819992,387.7425
