60.555275,0.086330414,88.44297,40.22993
114.8242,450.1406,139.59956,483.934
110.10071,224.44891,137.51775,261.55396
0.0,549.81616,20.137993,583.303
19.231686,400.5293,43.320274,436.04413
83.44124,512.3845,109.79845,548.219
112.89787,383.8817,135.77974,416.29376
122.13123,563.41406,146.18872,597.1128
122.76426,0.34679413,149.69473,37.112976
83.85572,432.75943,107.51371,463.55093
22.418474,481.76117,45.00406,514.2928
59.667793,591.9022,84.043434,624.2218
44.423416,475.24585,77.92946,517.60266
0.0066690445,377.0036,14.966647,406.0191
83.1992,259.5982,106.19765,291.3675
3.714797,251.4032,32.771317,302.77258
22.901237,480.72968,80.45041,516.0555
