76.67149,322.20508,105.4944,368.53333
83.60196,538.9961,113.17691,581.9341
45.06568,372.2814,71.99756,409.231
0.22513962,588.10474,22.556324,617.90063
0.13344765,414.33798,15.228352,449.35745
119.009575,543.83203,143.09534,573.85156
123.63386,26.606218,148.12085,65.28667
58.125698,578.34436,81.64569,610.18665
19.407318,418.84436,40.35061,446.61713
84.133316,169.72227,108.16084,201.02895
50.88276,265.15887,74.51637,299.9759
52.182266,476.57166,76.90993,513.3857
0.0,141.65121,19.377434,174.46445
112.338104,400.09747,137.65726,435.50037
14.489338,278.4773,47.62467,323.5547
87.38303,47.756317,116.62542,91.237305
25.443233,154.85052,50.184765,188.68091
55.90456,156.59457,79.48067,190.43198
