19.708626,275.5515,43.605423,308.1355
82.83461,460.248,106.97032,492.98053
19.972084,409.93945,43.584656,440.5868
0.0,451.46503,16.848274,481.6015
82.85344,394.56934,106.02905,427.90015
0.060512543,35.99314,18.486609,71.817955
51.826073,237.47565,75.1554,270.5294
48.2424,322.09778,71.7793,356.93774
110.4915,489.2989,138.63872,530.35297
23.362564,162.02664,48.461914,198.66403
94.38786,0.0,119.153656,19.986343
79.69241,284.6194,107.56435,321.84473
60.930145,612.2622,85.666534,640.0
30.214266,550.179,53.228058,577.8746
122.01018,613.29193,153.73598,640.0
28.460953,92.61871,52.966484,129.666
32.831085,0.04698372,59.379578,19.195738
51.93493,448.2838,76.23234,479.42102
89.615326,69.752884,117.08937,112.923584
116.03348,114.49711,144.45288,150.62967
0.06532478,365.58545,13.431762,394.62952
104.974625,281.65372,133.81071,319.2023
54.8002,155.50195,78.488785,190.37885
