110.48596,530.3084,139.14014,566.76776
19.429344,269.71454,42.49888,304.4817
107.94031,315.59338,137.64105,364.3081
32.618465,601.0939,60.15386,638.1284
78.743256,384.0495,104.595245,419.97235
50.97133,439.9237,73.55401,471.64
21.36481,428.28986,45.662563,461.68048
101.4254,426.73517,132.61116,469.18243
69.56851,196.20331,98.52081,232.9433
24.676033,159.52295,50.08847,196.5899
59.42965,0.1904068,88.40066,37.1438
0.11850548,48.584915,21.852163,87.880295
86.359314,536.3296,110.22772,568.1736
27.257532,79.06587,51.48246,112.983444
0.0,229.82828,11.753605,267.217
52.78665,131.59564,80.29411,172.1914
30.99377,0.0,56.608936,16.864435
