0.0,538.6228,22.458803,571.0056
25.877594,587.1334,50.815117,619.03796
115.554184,395.18896,138.04591,425.65906
0.27871704,619.00305,23.52602,639.7611
77.88925,372.96954,102.97739,407.19684
81.63815,478.6209,109.08534,515.83124
47.395103,348.36038,71.99207,382.8245
119.69322,100.97229,147.8944,143.07547
108.13179,253.13855,137.32893,290.97205
120.71295,480.3047,142.5979,512.7047
62.176964,618.98596,86.69933,639.9054
13.597111,250.55356,40.827232,286.744
0.049734116,450.63196,17.08268,539.4638
18.049232,396.34796,43.11435,428.66718
120.73103,13.114853,148.58104,53.095474
77.41411,288.21924,101.41211,322.26685
91.09271,601.0264,115.27078,632.2353
84.58829,530.9811,111.0412,564.0182
82.85902,204.00629,108.12896,238.26392
10.033585,18.446693,54.001465,77.61026
53.602165,141.69125,78.363686,179.3411
52.37092,423.21967,76.59641,462.5625
53.359543,514.0658,79.059204,546.7213
90.30061,0.010829926,119.82852,45.334568
50.19673,423.34814,76.43698,491.84412
119.0627,12.566643,148.87175,93.08119
