113.789734,490.01752,138.42711,523.8593
89.529236,585.45056,114.88031,618.27014
114.02179,162.91513,142.613,205.92789
18.012943,255.96495,40.341805,286.9613
50.5506,273.12915,74.668945,307.03577
121.58194,17.418245,149.7771,53.778015
55.82065,573.0963,80.33652,605.82825
110.04625,395.5703,132.68938,426.02167
36.021217,0.0,60.90734,23.575191
48.602814,404.2082,72.05697,439.07794
82.57634,203.06297,106.4514,239.80913
81.491974,417.9783,104.069305,447.7405
0.19179535,45.297615,24.111774,81.771095
18.026863,340.03934,42.105316,372.55283
19.698174,409.17624,47.780693,443.76035
59.934128,63.455475,84.60664,100.65314
0.0,161.77399,15.628233,199.00183
27.501041,99.1239,52.310215,131.84055
118.19795,631.8142,142.76714,639.86646
31.254683,629.76355,59.417404,639.8883
