113.98819,276.86365,137.21701,312.0713
82.600426,414.6742,107.205666,449.54144
51.5233,404.56482,73.7179,435.6211
58.50094,584.63196,83.31187,619.2538
83.67093,517.9767,106.65231,547.19617
49.58925,291.9571,72.27186,323.8543
0.036432266,541.9936,18.404242,578.0369
114.59726,132.74811,142.14291,179.9419
18.824577,287.18784,42.08791,316.81662
120.351326,569.89496,145.1076,603.20966
114.11908,407.44305,140.54651,440.6939
25.967527,558.9447,51.43445,593.0062
88.07013,72.49669,110.87872,110.152756
93.82803,629.4579,117.28674,639.8993
