114.3568,391.5644,137.77928,425.99255
83.75308,428.86426,106.07333,460.0609
18.092144,243.02066,42.529453,276.7429
23.246004,309.00305,45.310623,337.6266
53.29892,481.90076,76.5959,512.77905
60.029716,622.4154,84.18485,639.94885
0.18133926,378.80112,14.900684,411.5579
27.394672,513.45825,50.359867,543.5963
0.0,504.54443,18.350765,542.89514
87.50876,533.6017,111.21094,568.0377
22.432226,424.34473,43.96917,452.62915
54.490536,139.73859,78.78058,177.86404
24.500916,109.8387,49.333725,145.58322
60.307114,5.908165,87.74156,46.6045
115.8217,73.00412,142.59407,109.17886
60.475006,5.3709297,116.777115,47.505585
57.25026,80.29056,82.24213,115.0287
