81.62206,283.48386,103.86573,316.42392
19.600773,322.93823,40.664146,351.26288
56.6596,543.96783,78.92878,574.2171
121.78337,24.359158,146.01762,61.731495
108.13513,402.25543,130.51178,432.52808
59.38452,36.154587,85.0034,75.797
28.564262,600.23376,52.9038,629.1842
20.002396,467.81418,47.283165,504.61655
0.102608204,248.9165,16.051617,279.9853
85.40524,459.71118,108.6133,492.53638
92.64026,609.7611,116.927795,639.6532
54.507282,435.93774,76.464066,465.96362
0.17628193,424.44678,15.307041,459.69196
0.047540665,10.100594,24.218376,88.39903
46.346428,238.2001,75.131424,286.01865
122.23246,522.9347,144.18784,552.754
31.12573,88.61072,55.5708,124.27081
0.0,63.211994,22.482788,125.28438
