113.39354,296.73743,137.07487,328.76233
0.19561195,118.56316,16.835499,157.35406
47.60929,282.52765,73.856895,318.30804
113.98784,203.72385,138.08208,237.66336
126.93578,0.0,151.21619,10.658445
110.802765,363.9005,137.84412,400.41223
0.0,58.94314,18.842098,93.531456
77.21044,338.00085,102.49552,369.97498
58.48452,20.444603,84.1047,61.048042
123.77022,603.102,148.43327,636.79816
31.587128,601.52106,82.26363,639.6628
83.89009,422.62555,106.60127,453.83112
47.23471,345.23346,71.04535,374.95593
53.67103,600.8794,82.39059,640.0
80.59027,491.22235,109.174164,528.834
47.260445,434.46198,74.80996,468.8333
92.03412,87.4769,114.835785,118.13397
55.168167,101.46004,82.46034,135.55211
0.012196541,216.50967,13.85894,252.47006
24.388863,143.80402,48.14341,178.64395
117.29321,113.27372,142.47104,148.64328
84.7325,165.58627,108.48332,199.80045
118.424164,522.7209,143.01303,552.5772
32.642754,0.0,57.53295,12.642951
31.197996,605.61926,66.52991,639.09607
0.0,523.47736,14.159428,556.9184
