122.583954,583.43823,145.66437,611.74414
0.28490448,576.3334,23.156956,606.7721
113.93509,361.5893,137.02727,392.09637
18.504093,348.1583,43.133198,387.86606
115.2651,202.29535,142.71799,241.2143
21.943398,127.461006,48.857727,164.00446
81.47575,420.9205,107.98688,456.63077
0.070129395,52.827568,19.75588,87.099846
118.27084,72.80086,141.99335,112.134964
20.692513,446.69476,48.73723,484.51868
87.78227,586.92883,115.440445,624.8544
115.70337,447.49097,141.7926,483.02832
115.98068,514.6164,145.25122,552.2017
74.31918,293.29388,101.93021,331.1126
84.19177,187.00241,107.59735,217.43979
25.65269,526.71533,49.404743,559.1969
0.21356297,489.56915,15.585411,522.65344
85.51228,483.62793,108.90584,516.4043
50.52829,399.65833,73.89401,431.89886
13.1926,217.64285,50.083927,261.98306
57.856182,115.803314,81.84874,148.77646
60.68428,620.94904,84.38359,639.9423
89.77323,0.0,117.4542,28.038334
50.426727,291.33353,75.50057,324.36514
21.347021,294.1361,44.711006,327.39136
50.84459,222.21634,76.14003,257.14398
54.602917,519.52966,81.541855,552.70325
