18.72422,345.07507,43.903297,379.8949
51.526436,376.39648,75.02406,406.4851
112.90195,223.98872,136.09738,255.50652
0.0,164.36888,19.994328,205.93227
51.91233,476.10278,75.73063,505.98877
90.56314,48.794632,114.20358,87.47406
18.9875,252.1972,42.88085,285.12708
123.60831,562.9723,147.61935,595.82825
21.659447,463.79718,45.404778,494.60785
82.15585,187.11613,106.31885,221.218
86.49032,555.08875,111.131645,588.22253
0.06999016,586.69543,21.728466,639.64355
117.377075,122.657135,142.8005,158.5574
51.75152,202.91052,75.90354,236.35901
58.422207,532.64465,82.53186,565.0409
57.402016,37.733902,86.16297,78.596634
108.74988,440.55896,135.28264,475.93665
26.372715,155.87347,49.684345,188.52405
65.88953,0.0,86.45949,5.9293747
