110.17438,290.47208,134.75505,323.64206
123.8185,10.35508,149.7022,48.814617
50.325294,258.98468,74.947624,293.555
20.909859,228.7976,45.559937,261.26434
22.175488,146.8104,47.215794,180.83005
82.564575,474.82077,108.23834,506.89963
82.338844,232.30927,104.680244,266.53775
115.62263,137.37733,141.5149,173.78581
110.99962,424.70398,135.37349,459.46942
91.02815,36.7044,114.81688,71.75078
17.843567,417.17502,42.83219,452.98093
0.19532394,497.94684,15.845478,529.5716
21.840816,489.8286,45.168064,522.63153
43.03093,563.2352,82.6701,615.7816
54.22762,171.90387,80.26021,208.29037
79.989044,287.9994,102.88052,321.71222
47.74147,331.56573,72.62934,363.38678
46.94522,393.63702,71.40972,425.51605
14.793794,355.11786,39.043633,386.9984
0.22837448,77.43791,21.969923,116.14882
0.08765793,582.8175,21.35131,612.631
59.220806,11.07135,89.22734,52.766518
25.722782,70.81966,50.064,103.65349
53.870674,458.31104,76.77978,490.83533
77.84314,347.198,104.35536,380.65472
5.6359453,0.008840561,29.67738,10.413754
115.5923,589.6487,147.79384,632.6958
87.06363,143.10168,111.2659,176.00964
