49.08944,255.70883,72.03202,287.8328
114.454956,129.01921,139.98079,166.26534
18.940407,371.00714,45.147423,411.44672
112.90437,426.28406,135.51128,456.7766
80.30774,435.563,104.7363,468.352
82.32678,272.62323,105.56772,305.44305
27.177353,7.6182175,55.883125,45.136208
121.79102,588.4713,145.87292,618.50256
24.61832,130.24506,48.189854,164.75012
52.815926,391.00528,75.54569,420.0613
54.099514,568.94476,79.90387,604.257
110.15349,286.75317,136.49174,320.73352
56.433464,93.076294,81.08352,129.37675
88.58217,101.64296,111.50777,136.45314
0.0,556.26904,24.71424,621.1948
0.0,555.7458,21.854633,583.73505
91.19179,630.1548,114.25322,639.9358
0.0,555.99,21.843557,599.0408
