59.147682,542.4831,83.17657,570.956
97.94643,467.26538,124.10252,501.29285
47.791824,269.11652,71.04134,303.08838
80.992935,173.94002,103.87306,207.60695
1.6688194,22.966976,24.538496,56.251736
120.68834,9.586361,146.14034,47.576466
88.07765,607.2318,112.77034,639.95984
20.387074,194.75974,45.165974,226.1536
121.45897,600.3113,148.34496,633.0117
118.238144,128.32593,143.42317,162.93933
27.016031,43.82396,52.914726,77.46855
23.33631,437.1367,47.24479,469.0754
48.45777,431.643,76.498726,472.36835
0.0,298.75238,10.327953,328.0583
34.90499,432.5334,76.20895,472.0788
0.0,491.8954,11.260042,523.41437
