52.032898,499.03387,78.04562,532.4799
41.953964,345.33746,75.2014,390.0716
115.48862,105.8712,142.70157,143.49574
3.3500977,335.71576,27.230045,368.84857
111.59732,285.13025,135.46033,319.69727
110.90167,426.3565,137.16293,460.23138
113.2912,526.2456,140.01799,561.1282
25.74982,194.91086,47.42438,225.36044
82.50702,384.76337,106.23996,421.87958
20.671621,422.34863,44.865166,454.60736
86.47388,6.559532,114.35483,47.502106
24.617338,535.3089,48.76172,565.37897
122.408615,610.43005,145.27635,639.98645
18.259022,265.0227,42.468136,299.7279
60.294228,595.8906,85.85017,625.7711
88.84789,524.36755,113.08926,552.94104
0.062553406,204.91006,18.395905,249.47116
0.0,442.98886,11.784548,471.15573
