0.029865265,124.51691,18.16566,165.60559
44.988182,369.41083,70.23392,400.45282
115.69856,353.36432,139.0183,382.4582
77.992294,319.43256,107.33612,359.24286
20.416023,426.46643,45.81871,461.54865
0.0,553.3253,19.09325,589.0724
26.864983,520.5227,50.335358,551.3793
29.766562,594.40027,56.174736,627.7107
82.59378,206.64555,106.082794,238.04652
91.37251,50.63307,115.95079,88.8053
28.393417,4.096218,53.796288,42.868435
0.32132912,43.616196,23.327253,88.35365
2.4063854,608.6166,24.94165,639.2179
58.34671,70.16261,82.757965,105.163376
84.72438,521.00244,110.907974,555.8862
53.153008,513.47266,80.92011,546.50684
47.077766,137.82404,76.317955,178.1954
2.3595772,214.20709,41.203804,312.99982
46.628113,280.25058,71.46399,315.94547
0.0,390.32147,11.713305,425.50574
