25.864853,514.1393,51.590584,548.9629
86.104126,571.11475,111.9048,604.3811
15.239236,305.9055,41.88868,342.90714
50.346382,226.90915,74.18538,261.09567
79.11688,352.87793,106.48738,391.0442
83.58707,465.64865,107.66025,496.57272
19.091011,203.22316,45.798676,236.26808
25.135029,377.60944,48.770023,412.47247
0.0,95.31946,18.883863,129.63618
3.186451,600.0803,27.335716,628.93774
91.439354,16.240425,117.453285,48.51876
110.89964,425.86746,137.57216,461.49173
17.238434,459.55402,45.99542,500.09363
0.054494858,430.65875,13.833527,463.38104
73.286095,218.92761,101.13267,263.64703
112.17438,222.28632,137.18993,257.44812
112.86694,157.21654,138.82791,194.49586
39.581375,592.3198,62.639786,622.66406
87.58451,99.798004,114.64939,137.56053
119.11151,616.7997,144.66904,639.7931
56.783997,90.46193,81.40988,124.84419
50.242527,220.10352,100.92038,263.81567
0.0,262.45105,9.889368,292.81293
