0.0,275.422,15.350331,307.9579
0.69054794,624.52576,23.74001,639.84924
90.6281,602.9658,115.72386,637.5625
113.59039,163.3367,137.47098,195.05484
49.794586,430.11298,72.493546,462.6983
0.2584343,17.68362,24.077374,60.055706
115.863365,234.7774,141.79257,271.6091
52.57554,229.12875,76.629326,261.6166
0.0,543.317,18.941826,576.5397
0.11985588,136.37546,15.054387,166.30063
87.25904,128.00381,110.64439,162.65762
57.64446,574.47266,83.232956,607.60474
84.1001,450.47806,110.89819,484.04922
91.41708,19.917856,117.16774,60.49984
115.53192,509.735,142.13718,544.24976
39.055756,82.67207,63.819336,116.0345
112.927765,423.81042,138.08197,454.6819
24.877907,285.9599,47.540833,319.44904
20.321213,470.97412,45.09559,501.01404
0.0,413.6828,11.299368,444.4494
