114.051575,271.057,137.10709,303.80432
51.752842,360.847,76.25833,395.09174
103.93527,348.5791,130.09853,384.89038
21.611269,355.62643,45.917435,387.72574
80.28547,460.6604,107.767845,496.4079
0.22940254,17.13256,26.043253,64.574875
114.06767,154.4432,140.65417,190.1918
22.378504,467.36893,44.64492,497.4861
85.89435,549.02246,110.66365,583.65027
49.76999,483.40704,74.67398,514.7989
82.757416,309.10742,106.38931,340.4225
46.17926,262.07568,73.9269,301.13318
114.64865,426.52063,138.43695,458.82227
53.756405,196.62155,79.05542,232.54868
27.24318,553.2081,50.796883,584.1205
24.066854,113.7783,52.088234,153.2645
0.12988472,230.88608,14.40802,264.29874
82.92337,176.94125,109.47821,212.37296
55.880665,27.0206,86.28386,67.48655
121.31269,73.77598,144.22778,109.16125
22.155685,232.87463,45.54663,266.81964
120.7209,581.74023,147.59914,615.0742
0.0,420.05884,13.497286,454.5719
54.685596,579.46545,79.04378,611.84753
93.5072,50.946995,117.658966,83.86557
0.0,499.33594,12.6859865,530.91296
