0.6007843,0.5884018,25.942762,34.716118
79.25246,364.334,104.58452,396.09933
116.732765,202.17535,141.08316,238.92096
31.50882,0.0,55.307808,17.201965
50.575836,235.94397,76.42492,269.45337
60.205505,586.31274,84.00668,617.09155
46.312447,452.77533,75.33469,492.2318
78.524734,490.17987,106.05142,525.48016
28.952324,623.97107,52.88356,639.9215
26.188257,425.2021,47.28486,454.41876
18.782154,283.427,42.433174,314.5724
0.0,429.16998,13.977194,461.3946
61.53248,18.475533,86.48612,54.50865
0.17442894,152.24683,15.334206,189.59827
118.94089,569.66675,143.59534,601.76807
56.35899,139.98743,80.660416,175.40817
0.054862022,332.7271,13.605447,372.80463
86.16901,187.36754,110.187775,221.26143
93.31813,0.0,121.463425,28.29976
122.358185,0.0,148.16046,27.49685
