82.904526,424.7766,105.87697,457.6236
18.872211,434.89276,41.377766,466.123
0.22335052,38.99106,22.258678,71.44087
49.81726,358.35583,73.19812,391.74023
76.747696,319.9856,102.2729,354.34546
1.4155235,571.6073,24.727545,603.38904
80.455765,200.28705,105.41347,237.14227
89.68857,83.83833,112.33501,118.8477
90.05623,581.0545,114.6624,613.5474
14.819237,338.8772,41.366974,374.28528
115.11629,196.40207,140.79329,235.49603
112.48395,404.18082,137.7087,433.98233
52.037876,135.69992,80.349,174.85641
121.562775,67.78906,145.72714,104.27646
111.19656,286.95145,137.19531,324.07474
50.829346,241.24408,75.10952,273.7213
29.097794,13.12734,53.7854,51.154686
122.708206,618.5608,146.66637,639.8618
85.07649,491.85034,108.539856,521.89996
22.144524,228.94711,46.304443,261.9481
25.506165,567.661,50.137383,599.5038
29.517136,119.13426,52.99888,154.67671
61.79606,0.0,85.16384,10.124304
0.17031002,239.03871,14.823492,273.40088
