19.005257,448.7409,43.82424,482.7818
48.355354,373.1125,73.78455,404.51288
111.07526,317.79324,137.74779,356.28
90.39694,598.96704,114.7697,630.01807
53.832207,486.44238,77.561195,519.2643
20.474964,348.25336,43.32549,381.04413
78.18643,339.96744,103.20212,375.11044
88.6136,534.53394,111.61943,567.8146
23.607414,540.97217,48.307808,572.1355
79.96214,440.3825,104.21451,472.755
116.55557,516.96375,141.25995,546.4131
48.19098,268.93826,74.841675,307.00803
82.74991,223.74915,106.27283,253.96564
22.945204,134.60742,47.428406,171.72827
0.072042465,518.7606,14.62405,552.8329
92.24527,0.050287247,118.664215,28.992325
60.514893,0.11669922,86.04617,31.72771
116.53209,200.87238,140.2837,235.98071
111.22444,408.3828,137.7022,444.2248
27.663376,59.93257,52.95446,97.73056
119.84433,84.05522,144.37048,120.133865
22.74125,250.81104,46.405075,281.76807
0.008607864,166.25887,14.326836,198.10799
0.5585213,0.0,26.22242,11.956791
56.655598,97.579254,81.99095,132.60107
89.25981,69.30123,113.811035,101.11382
0.0,349.73975,12.08716,383.51398
