81.1241,350.1839,103.97627,384.74677
60.562202,434.56335,84.30271,464.79785
84.7607,511.97256,109.060074,542.61194
43.420647,356.4413,69.255554,390.10178
120.34267,541.73364,145.21318,572.30884
31.602657,0.32497978,58.37382,31.749907
86.53967,132.93811,110.50821,168.57074
61.607243,208.02661,85.211975,243.96176
107.87645,382.04047,135.28603,419.0915
20.913647,156.07986,46.571865,193.33926
117.09584,94.88776,142.25032,134.29501
58.920753,46.06497,83.86675,82.931885
118.70613,198.09987,140.86476,228.18831
0.0,247.34975,11.062866,277.02478
