113.96205,283.76248,137.27005,316.1998
17.448318,259.79993,44.05786,296.82776
113.306244,351.16388,136.8497,385.00104
50.96821,476.71747,74.41476,507.30914
76.04096,410.19342,100.57957,443.0849
80.333145,316.40964,103.50307,347.07162
85.73532,541.1422,113.68036,577.61255
0.0,604.9392,21.252966,636.8688
20.014416,431.72913,43.068363,462.37177
124.12812,0.0,149.27441,21.527992
119.45438,621.1997,143.63596,639.6964
0.056972504,540.16187,18.770477,568.3108
24.952215,83.489685,50.522636,116.50023
53.168266,135.03938,76.30213,170.97255
122.649055,99.15074,146.79596,131.79843
84.55945,107.80707,112.07886,148.15387
89.546265,0.035736084,118.102295,35.988445
0.16396618,217.1131,12.495666,263.2464
28.230057,550.08984,52.080826,578.36865
50.878685,558.83453,80.91421,598.1497
