82.055145,410.35275,106.2543,445.045
108.63754,322.10446,136.72543,363.27878
30.029694,1.5700645,56.735764,43.35025
21.037588,443.61603,46.805534,476.7751
0.24658918,208.94843,15.873371,252.0462
44.442345,208.12936,74.75405,252.50235
0.0,113.1055,14.820301,148.77151
83.82203,481.30524,108.68568,516.08484
74.9196,313.2249,103.4677,353.79047
115.189255,534.41003,145.54817,578.3002
118.38916,60.14968,144.19122,99.46363
15.51936,326.85742,42.297573,367.03052
0.13802052,503.68,15.811884,535.6718
90.57041,609.0662,114.76113,639.7128
58.219032,602.5725,83.504875,639.3872
61.734818,31.076729,87.92645,67.33533
85.13951,84.12836,112.89201,123.35196
0.3000431,628.06726,23.932173,639.88367
24.047466,188.01355,46.659664,220.51483
53.719772,523.306,81.00308,559.3722
26.272556,540.6686,49.77463,574.8678
47.149292,328.60913,73.26439,362.09692
