0.9929218,0.0,27.408308,35.377686
26.170397,525.2931,48.80504,556.5709
83.65172,525.6864,109.326004,560.3695
119.37623,552.9906,145.53821,585.08704
113.835815,236.68707,139.44359,269.57504
48.451927,459.46576,73.00462,490.01996
77.27533,434.20337,106.363495,468.80225
52.196014,331.87335,76.27089,367.4709
25.9991,76.27196,53.998688,116.73021
20.534838,324.07965,44.580383,356.19
114.44922,395.64386,137.85852,427.59375
57.9796,0.1306305,86.92816,32.66445
87.66072,606.2594,115.36525,639.3932
95.54768,8.561737,120.68498,45.264366
0.5172539,626.60364,22.734516,639.8828
20.64601,441.5282,43.377945,472.11316
56.5903,167.40451,80.570145,202.4786
82.78331,284.21497,104.89992,315.5111
109.392685,319.74493,133.00397,355.26807
84.23717,146.387,111.479645,182.72617
0.2022934,200.92683,16.609074,233.42735
116.04256,127.71178,143.28719,160.99883
46.65483,233.61243,74.9668,274.7011
53.91999,557.8121,78.56652,589.83746
23.56654,197.73157,47.648228,232.53467
123.20482,36.808304,146.63383,71.32466
0.0014781952,390.43765,13.194301,424.44547
59.58024,624.59033,83.82314,640.0
