17.737797,315.37445,42.032856,349.53735
0.22974205,588.00244,31.326174,639.53467
19.290768,427.63416,41.823437,457.5421
50.037514,332.89532,72.54398,365.174
84.23738,555.42664,112.217606,592.42786
113.202835,206.5357,136.65724,240.99112
81.098785,304.57416,103.76735,336.62946
24.940367,499.48114,50.879868,536.4366
50.305252,120.784096,77.47809,153.68118
57.917248,47.98802,86.18501,91.021255
24.463186,189.21387,51.65609,233.10541
116.25586,303.5878,139.11346,333.9805
0.34465408,12.138302,23.122719,50.699448
80.76248,445.73578,107.55542,485.24945
122.72581,595.6102,144.6495,626.0166
52.73891,447.20615,76.63234,477.8406
127.57244,0.0,146.39441,6.7689886
