111.79883,312.16754,136.26378,347.9812
0.0,85.17546,20.335777,121.54414
0.36867905,0.29369736,23.23875,34.01491
84.03517,522.98395,108.18239,555.2824
76.13274,299.18878,106.12683,342.6501
51.153267,376.51675,75.35999,407.36887
115.01924,438.66882,138.99844,467.86646
55.492844,503.68292,78.971176,536.1353
20.036995,413.63287,45.163383,447.7121
119.0085,532.1267,144.34773,561.75415
90.009445,605.0967,116.37813,639.0663
27.197563,34.092255,52.156807,71.23623
18.882973,260.976,46.54692,298.6477
1.3625736,606.81445,24.24332,637.4983
25.473436,528.13245,51.807373,561.96985
78.473366,430.6339,104.49961,464.33533
20.221779,474.95956,43.93721,507.56284
59.663273,597.45496,81.59625,623.5912
0.094389915,185.40997,15.144569,215.92413
47.558197,227.39886,75.74242,267.94595
83.36574,188.40778,107.36894,224.63947
28.503801,596.3143,53.121536,626.679
25.839071,104.38696,50.519768,138.62094
49.267967,440.47028,75.24366,475.22955
89.99831,27.86785,115.28923,63.511253
0.07372284,531.341,20.589634,558.67426
19.136913,375.57025,42.482086,405.56305
20.17752,224.83372,43.86682,254.28542
120.56023,115.460495,145.76149,149.89421
57.100666,158.58044,81.06267,197.58167
116.36261,173.49811,141.3678,209.5506
23.145567,159.75803,49.395935,192.16696
123.30872,33.410484,149.74536,73.72147
