0.00014305115,569.05676,20.735338,602.8478
15.02567,259.60516,37.934917,292.2945
50.30526,301.7702,73.38138,335.54327
0.04912758,338.9925,15.970474,371.80627
0.1724186,172.84303,15.759637,207.12291
60.68119,0.0,87.46021,21.98851
122.420654,0.0,150.51315,27.860435
75.9079,329.6626,103.01196,368.58105
22.459774,343.43164,44.100285,371.4696
25.138922,130.61014,48.228447,168.80655
0.19721031,103.28351,17.045568,139.57483
34.771774,480.72156,59.49785,512.37476
115.23013,409.34338,140.11389,443.8468
0.0,478.71295,18.937035,509.82947
82.08774,590.5647,114.433044,630.1975
107.81091,245.57892,136.733,284.52454
80.26709,456.49585,106.61795,488.9619
52.679485,180.57976,78.919846,217.85411
78.236786,390.93585,103.93948,425.65057
28.624268,542.51904,52.16533,572.4187
32.49632,593.47485,55.66454,621.6572
117.71948,485.77423,141.4975,514.5635
116.79863,157.75348,142.5031,191.807
48.548973,413.28473,73.49376,450.18756
117.75023,628.0952,142.61778,639.9219
85.55081,168.1413,110.06625,200.7298
27.44294,66.66439,54.86741,101.71253
57.281067,616.3789,83.11623,639.7014
51.70972,65.85822,82.74106,103.52259
