82.07884,232.6937,106.21759,268.04056
83.838394,482.77637,107.65968,516.1206
108.45958,298.34424,137.2821,336.16992
80.52556,340.45526,103.60112,374.18665
111.17619,130.74063,140.55869,177.75302
90.755165,19.589039,116.38361,55.260532
46.178642,381.78052,71.86682,416.27087
0.0,441.89587,14.595947,481.24634
54.62245,57.28061,81.53612,93.2578
0.3806858,600.7114,24.865675,634.29614
56.746704,521.60266,79.53899,552.5216
109.11331,514.42944,138.88611,553.0945
27.819351,580.1752,50.774666,608.62683
123.17378,0.39514542,149.62395,32.732777
