84.131714,523.8402,111.379486,557.9647
116.71859,548.21216,142.20096,580.876
84.363556,169.36172,113.67357,210.5336
20.14023,224.75308,47.28421,261.38556
92.406044,1.8139534,119.09844,38.752655
59.86422,613.22217,87.0667,639.6582
83.052734,307.09372,108.35089,341.35104
110.4395,336.8431,137.27173,373.1329
32.220818,45.347664,61.09115,85.38735
126.57598,28.06157,150.83856,63.770332
0.0,162.22137,14.628033,198.54626
5.189171,508.916,32.47164,541.74536
0.12330246,321.11206,14.408857,353.8993
42.041016,315.47473,75.18241,351.16125
63.384735,0.046599388,88.8999,14.208158
