0.0,490.7085,19.315609,523.3761
115.72818,469.46436,140.42368,504.90125
82.17291,456.1266,106.60095,488.10315
80.40054,364.1042,104.74048,396.93024
80.98744,274.29327,104.27016,308.34772
20.77222,360.8283,45.94544,395.5428
113.25496,206.5683,136.58128,240.38098
116.31781,268.7414,140.12021,304.29364
21.59453,457.9538,44.58252,487.2608
55.927803,423.41153,78.297325,452.06265
123.66095,622.7003,146.96432,639.9429
58.789303,577.713,85.50531,608.11633
0.99004936,43.449738,26.251564,76.05905
84.613716,564.8267,115.49534,608.4793
80.877975,142.45975,106.07927,178.6629
24.938751,528.6996,49.102097,560.8336
58.452583,0.0517807,86.99973,37.86699
58.588955,502.53436,79.7254,529.1857
124.225975,51.136536,150.1951,86.07611
0.084765434,402.9068,15.1052475,434.5417
0.12441635,197.55322,15.067261,234.56049
0.2520523,616.1706,23.9455,639.6584
18.355162,93.655304,52.349426,144.21875
0.12696838,112.57167,23.179932,148.40398
86.3504,47.20463,113.57921,85.824356
22.392387,196.79234,49.010498,233.80608
0.7815895,97.43973,47.25989,148.82574
32.253345,618.2938,54.999317,639.806
51.444954,196.51389,76.50616,232.23718
