15.77452,284.44183,42.55639,323.19995
84.84755,225.1513,109.17238,258.62793
115.19626,453.56366,142.09146,490.14264
51.663345,340.78345,75.58827,373.6678
50.177353,436.1898,73.60336,471.91763
114.61545,342.83484,138.45067,375.8766
0.05867386,555.9823,16.357368,587.27563
20.232029,491.9748,45.687283,525.26324
84.592766,515.41736,110.12774,550.754
59.343994,9.889751,85.55838,47.365093
22.051497,206.7266,46.48439,241.27353
0.0,438.2705,14.2666445,469.87012
82.63279,100.97687,108.98153,138.03326
117.71219,37.995934,144.90933,76.60706
0.0,181.17609,12.212628,213.13806
