77.14612,315.32397,104.21605,355.2564
116.324234,555.027,140.79802,588.4916
92.10417,10.024178,118.773575,50.02578
0.25566196,118.71207,15.419031,157.4162
29.17166,42.778847,54.270737,82.055916
84.72455,136.63385,109.02438,173.6753
43.283714,392.37976,72.36235,433.8943
54.049755,248.33844,76.76463,282.4272
0.0,520.381,20.80663,556.55994
107.96861,427.23456,130.90508,458.8692
112.616806,272.1929,135.31093,304.8027
59.98143,5.670044,84.99745,42.33069
116.85192,85.34364,146.66956,127.85231
20.199883,597.77014,50.46563,638.08606
1.86232,226.29027,40.338852,313.0807
53.811943,567.23425,78.628456,600.75256
0.0055942535,313.81668,8.73018,354.70792
