112.97162,282.1211,136.55127,316.8142
88.955605,51.30583,117.812645,92.05031
43.861107,347.18726,68.82799,380.51324
73.56558,298.41833,100.85657,333.08057
18.317768,396.75977,45.26021,431.81555
115.51932,138.81854,138.58356,172.4112
116.05751,493.42816,140.09035,525.42737
49.33281,448.8367,73.78219,482.73868
56.031616,550.72174,80.65614,584.7841
110.7115,374.6795,135.09093,408.47516
59.04032,0.18317413,87.56493,32.5261
0.10879135,233.44974,15.04906,267.85748
21.333069,79.16406,48.81038,116.5242
89.25133,620.87555,115.73428,639.9007
0.057088852,411.3012,13.279942,445.79266
119.97285,620.02783,147.62012,639.97876
