49.450485,355.82227,73.890884,387.0067
113.72879,215.2391,138.89932,251.89041
26.418335,110.18618,52.094566,147.80002
19.733437,256.3172,43.61612,288.62787
115.00185,456.16324,138.23006,488.12515
50.423363,278.6895,73.53186,309.63727
0.0,78.99145,17.867033,116.945274
115.641846,367.79727,138.84676,403.5228
59.659477,162.67896,83.11254,195.26923
83.320305,518.14844,107.93595,549.9761
20.92345,460.3011,44.921856,492.76288
77.647125,301.87955,100.34889,335.13248
58.903362,579.1151,84.21358,613.62854
68.07472,431.57526,93.02989,460.2635
28.006521,588.03723,51.27398,617.7245
0.0,532.96857,14.771804,563.1032
30.527657,13.4632225,55.71557,50.953487
61.69847,0.0,86.51152,11.098879
0.0800333,403.25378,9.539203,442.70947
