0.0,141.2456,19.654734,175.159
16.813374,22.517736,54.11952,81.17811
50.9141,411.9541,74.494705,443.79077
109.29686,270.51657,137.17719,310.61942
20.126488,263.24933,45.3377,296.32806
80.95558,379.57837,104.11366,412.09778
0.46810913,4.7784576,26.28476,38.30602
116.44159,492.71405,141.46725,528.1107
46.49312,196.41989,73.60148,233.29233
48.15712,293.2359,70.83385,327.52753
2.7691994,435.53735,47.55095,496.43896
34.04432,523.1411,82.23993,589.1057
119.3407,54.78865,144.74902,90.32353
0.20879555,538.9858,15.6305485,571.2452
84.53693,480.43433,110.338104,514.5347
10.307842,380.3144,32.794342,415.84125
89.372574,104.917465,112.38002,140.523
28.303734,596.45544,53.760826,628.8168
60.60681,47.325153,85.66374,83.21477
0.0,225.52563,10.259804,257.8055
