82.93271,234.736,106.73526,269.1777
120.839294,65.206604,145.46884,102.97882
16.39344,184.79202,45.05667,228.05688
23.738863,499.2105,46.715103,531.8223
104.88628,322.25998,127.62976,354.49954
49.30867,316.9135,73.61416,354.77728
19.742352,404.40186,44.131577,436.3639
0.0,269.5805,15.35494,308.32623
57.204468,130.07065,81.37688,161.99435
0.137434,585.8785,22.131638,615.82587
30.902056,16.038712,57.60495,56.387367
83.863815,495.07996,108.73767,527.96936
119.69,550.1886,144.3695,583.07263
95.80669,0.0,118.29018,14.343332
2.7128544,98.484116,27.196474,132.60474
116.340576,611.7234,143.42471,639.98
58.26422,579.97473,83.02699,614.1791
4.394169,0.004327774,29.186893,9.750158
