82.98915,486.91107,109.153946,524.2059
0.16386414,569.9596,23.234009,602.15076
27.53741,623.65234,54.134052,639.9917
91.7477,616.67633,115.76165,639.88446
46.98799,365.18298,72.90773,400.36914
77.84147,387.01532,102.51331,420.10724
121.29228,502.96487,144.5861,532.93164
13.303884,279.50623,39.468716,315.06677
20.207466,422.60242,43.044632,453.72778
121.79684,13.711163,147.97678,52.01244
77.41167,291.34677,102.09062,326.103
116.23448,417.73087,139.96901,448.27396
0.0230999,481.44244,17.90272,557.81305
10.2938,45.41996,51.7557,105.78637
107.67732,272.86523,136.51369,310.72723
40.57511,481.37146,70.51183,517.7999
84.948944,542.9619,111.29236,575.60205
75.34747,248.02423,102.17206,284.6704
52.79222,145.81718,77.556366,182.8525
53.37172,443.7151,77.23251,479.47485
19.74982,331.1711,44.664616,364.57993
81.406265,155.41034,107.93388,192.84
