79.08238,493.00085,108.90581,530.2677
119.262886,525.60754,142.41443,557.64685
18.461914,376.44635,42.331184,406.76056
78.567474,443.58167,103.01755,476.25098
93.08764,622.5249,114.49938,639.9614
112.18161,427.4463,138.33191,464.71875
0.07999039,85.87894,23.238537,119.09305
29.120155,107.373566,54.97702,140.86993
0.0,508.9462,18.448788,548.15247
28.812021,571.6846,51.942528,601.5349
0.11960983,585.47534,21.53355,613.9093
60.33068,0.0,91.09286,20.263922
0.0,267.25958,13.342262,297.83807
59.313988,580.1048,83.657906,610.43207
55.200928,195.52452,78.28792,225.89214
