117.94815,464.94492,141.83151,496.2686
84.515076,538.7759,110.21695,569.10645
52.867664,528.5592,78.2281,557.995
51.88349,459.71228,75.13637,491.92053
0.023815155,623.18054,20.672153,639.7926
118.712845,556.6868,145.42488,591.4898
82.28963,284.86584,105.9482,316.10443
123.3819,9.598511,148.34106,50.187965
78.74268,397.0631,103.294304,428.56897
108.27576,293.8284,137.58762,333.90598
47.633904,306.1557,72.58466,341.72858
21.794037,411.6472,44.767143,440.2686
50.8488,383.51752,75.01238,415.1435
19.394024,328.45932,42.857346,359.01993
49.39968,222.28848,75.12798,258.51993
56.341118,609.9978,82.4661,639.5331
81.86151,168.50525,107.963196,204.6947
27.067667,69.53937,51.757088,109.2672
21.448107,271.625,45.744446,305.12927
66.702034,2.7707138,90.714424,37.234924
118.14141,108.130646,141.90851,145.68524
29.647614,612.0735,52.137566,639.8242
23.227015,147.45728,48.806053,180.3501
22.141136,219.66254,47.10733,250.19147
0.08033085,472.92688,13.505476,504.87164
28.797188,0.0,56.482704,17.251684
87.50394,65.34964,112.98425,102.5181
56.753036,133.63962,79.96619,168.36194
107.777466,402.12897,136.77234,435.23975
0.0,124.84128,12.943844,160.22427
