17.745522,426.58246,42.935562,460.86713
49.572,242.23343,75.65024,280.49496
121.45706,54.414658,145.37207,91.170044
19.639011,324.2371,42.955875,357.3035
89.1198,577.43024,112.250046,607.2756
110.800934,292.9128,137.9235,331.2341
48.88688,346.06262,72.071175,378.25916
111.44504,385.19028,136.60162,420.63992
78.99629,415.36115,104.477036,450.50287
116.89241,173.69211,140.52394,207.3873
24.27126,222.59726,47.010334,254.62003
77.7415,312.5959,103.8463,346.0656
22.972992,519.87915,45.99405,551.76904
83.828384,193.37698,106.314224,226.4208
28.1179,34.254036,53.95786,72.101616
115.94623,492.9969,139.92307,522.94165
52.458252,460.5042,77.229614,493.89185
0.023139,139.82657,15.869276,172.27072
58.281082,71.62222,82.21692,106.985535
24.052284,109.86194,48.682,147.24915
87.40317,511.7921,111.24745,543.8417
0.0,499.05432,12.374864,532.656
91.63173,40.122177,115.33852,72.999084
0.0,327.44208,12.129351,359.7248
