114.47165,315.52734,138.23914,350.2541
82.85042,479.23016,108.06575,510.69452
0.25967216,420.04596,13.94495,459.28754
47.825203,335.53827,73.35624,368.0213
20.144814,377.87592,44.235344,407.08508
82.9003,301.35834,106.54376,333.47815
55.946545,127.20582,80.67491,161.87994
28.472008,513.463,52.573845,544.43555
50.426437,238.25208,75.09868,271.7384
50.823433,545.51,80.462135,587.05786
73.62873,591.1718,104.28306,625.8984
0.0,511.58875,17.9147,545.9739
0.08190727,99.2289,17.277344,132.91885
89.36516,114.27372,142.7922,149.72629
23.499008,93.21843,48.80977,132.01161
88.79024,115.027794,126.23491,148.84396
0.0,245.54329,12.394286,278.55084
114.41247,108.7528,143.34412,150.44476
