21.224022,275.12473,45.69867,310.48972
0.0055503845,501.06796,18.097507,530.85095
49.157852,187.31973,72.044044,220.24216
26.398933,552.68146,49.265724,585.336
114.86998,527.8439,144.14201,573.05115
84.73929,491.03943,109.28937,523.39087
18.959988,373.72803,42.3073,405.28143
49.97989,457.87296,76.277275,494.9567
49.18834,342.0251,74.519615,376.0943
23.409569,444.08008,49.050262,476.49207
91.62165,22.623672,117.06019,57.34011
0.50400925,0.0,27.063828,21.718105
113.553535,616.345,146.67786,639.90356
76.512436,336.55048,102.76668,371.16376
0.0,446.10782,13.992226,481.30716
55.412506,542.9955,80.73189,578.3081
117.802025,157.70132,142.63199,190.51328
84.14223,144.97438,112.81621,182.90169
56.46324,78.61,82.27936,117.99672
0.0,170.5509,13.7508335,206.67786
