20.229126,353.1584,42.85997,388.9641
50.30951,325.88367,72.066505,357.4994
58.404793,0.0,83.61355,29.08899
51.896553,162.73639,76.83938,202.03583
110.409454,388.95062,138.80081,427.33893
86.339264,596.74646,114.1207,635.7052
82.76648,436.19513,105.27515,468.45563
24.269163,111.203766,47.56244,147.7316
82.35832,316.276,106.69609,353.55103
89.98879,49.49238,114.924034,88.4923
118.289825,565.6565,140.78629,595.87476
60.31287,535.8219,83.1788,566.43384
0.0,401.79962,13.226047,433.2187
0.44088364,564.9609,25.311333,604.9014
0.0,198.3479,12.999726,233.66473
10.18433,519.9398,52.34159,595.0831
