80.65352,386.59348,104.83528,419.83585
114.28522,360.93597,136.43488,393.41095
116.13873,555.249,139.74625,584.9529
25.4033,564.62354,47.863365,597.06274
81.54285,300.43683,103.57648,334.47247
45.632263,377.7224,74.398315,412.25952
19.363804,406.70343,44.047108,439.15704
62.175545,36.128456,85.91949,72.04077
85.38293,516.5486,109.38297,546.8391
0.0,41.73609,19.820635,83.80898
89.94721,66.85186,114.876686,106.83985
0.0,145.84479,16.876097,181.57684
55.532578,576.2701,78.97659,607.82733
90.09488,624.0212,114.87479,639.9808
114.41406,142.10733,136.6314,176.59296
24.44965,240.09302,46.671307,270.56036
121.58384,0.2650299,148.79825,40.85681
0.024466515,271.70148,13.772502,306.7552
0.0,399.7497,18.956165,428.0418
0.0,399.09045,12.358301,428.53638
