108.48164,121.26342,142.89867,167.93506
19.84665,352.27826,42.506065,382.72748
80.14588,276.01105,103.61091,310.32257
82.44559,365.70197,104.47713,398.07684
88.96536,537.0786,112.53792,570.0808
41.64965,398.9162,64.897865,430.76813
108.52644,339.20337,135.07193,375.61414
115.83153,512.836,140.45372,547.67377
27.73702,0.06971359,58.951286,37.220634
0.21599007,133.18335,16.408342,180.64844
0.0,27.771774,22.430573,65.7327
56.94217,92.45314,79.97281,128.1772
0.06274986,414.68015,14.018345,448.72586
36.095993,495.0076,80.17549,566.55786
13.56461,491.51752,37.139214,524.43384
57.714153,500.52216,79.06053,571.1274
