47.045013,339.6526,71.298355,372.3991
19.234732,462.69714,45.159157,497.06293
116.41023,452.39386,140.6939,483.11713
118.23883,525.72705,141.40869,559.13965
84.171425,586.6254,109.20344,616.66693
84.26727,485.26318,106.94653,514.7859
18.835976,278.53998,42.11818,310.26935
76.581055,294.3662,103.824295,330.0254
29.36206,596.68384,53.39502,628.7855
115.68199,283.09454,138.27783,312.92462
120.81119,87.44782,147.02924,124.7062
78.55798,204.92136,103.24716,240.79572
124.55441,12.888641,150.0997,53.21814
0.09692192,80.03473,16.19722,114.59981
59.166794,78.563995,81.88098,114.05264
54.52031,161.79524,79.82597,198.63667
113.36548,187.53296,137.58955,221.07855
0.0,405.07104,13.859255,445.74585
20.68782,157.6817,47.392693,196.68909
27.975311,30.776182,56.28398,72.705444
86.456085,42.481308,113.55435,83.38283
