17.981953,257.86453,42.16918,292.58725
61.261017,0.51174545,87.58371,39.992527
16.610992,343.6867,42.55384,380.8991
24.003885,107.721634,52.52407,152.5077
0.2813816,604.41534,24.957195,640.0
115.092545,150.14038,140.84674,191.22165
49.84507,474.74414,75.0042,509.84875
43.812965,312.86603,74.2299,353.4173
122.33083,587.63354,147.72543,620.38965
114.543945,405.52515,138.97424,436.64575
60.476868,604.89526,83.73276,637.5541
76.18898,440.3324,102.66051,473.3595
74.78404,226.62009,103.988754,266.17978
25.836176,523.45374,47.880974,550.719
0.0,416.68335,13.639594,465.2716
