0.9677315,432.395,36.143566,491.1589
51.793427,421.13345,75.485085,454.9451
81.12549,259.06525,105.82837,290.99493
47.04264,226.34839,74.876335,266.46088
89.85465,556.3684,113.23002,589.3174
0.0,176.1258,19.797817,212.4277
113.93729,393.76923,136.53918,424.51886
122.8874,5.581352,148.96704,43.227165
115.83363,254.26251,138.50325,284.59003
82.89828,455.88074,106.504814,483.54468
90.385254,5.195137,118.9099,48.730553
0.0,283.33594,26.588516,342.49548
26.911652,507.8461,50.127106,536.57263
56.520252,13.384905,82.201126,53.313705
57.572975,568.433,80.042015,598.4852
85.99338,127.106316,113.04663,164.77783
24.282076,558.48096,48.350998,590.8203
0.0,394.2152,11.849689,422.09375
