82.055695,323.74213,105.701096,358.09534
45.928123,327.85745,71.62803,364.22928
20.172909,372.43542,43.57664,402.04803
113.710495,483.8827,138.28084,515.4081
0.015895844,27.67281,23.350208,63.452885
111.90361,219.61188,137.04323,255.6979
86.98173,531.5768,110.61999,565.4535
0.06044388,580.62427,20.67434,619.2744
26.638195,107.77692,50.5638,141.74864
26.700554,604.45435,52.618942,638.2805
95.68744,0.04591179,118.897964,18.469063
58.044872,578.7787,82.567825,612.10754
40.145355,500.5747,64.606064,532.55664
53.189827,446.02988,76.217995,476.7869
116.19449,117.03814,142.52112,156.18579
22.011436,202.68362,46.317886,234.14584
61.97914,37.0336,86.62541,76.20546
79.79341,119.623146,111.23526,159.79941
55.565163,167.79959,80.344124,198.86334
0.0,227.97699,11.796562,261.8891
