90.21846,610.97363,113.87315,639.9087
26.843527,582.53845,51.807045,614.8833
50.782097,356.8371,74.048454,388.2406
51.349457,192.67725,73.9749,224.83887
77.58171,310.76486,101.96959,347.91568
80.1615,395.39713,104.09413,427.91348
73.7294,36.254753,115.276215,94.911446
113.96585,381.92148,136.36253,413.2305
0.0,35.54908,17.492994,71.8029
0.0,426.2107,14.791676,460.77582
109.78363,246.45172,135.46458,282.98676
18.423035,347.01038,41.43535,378.2671
79.58617,198.57065,104.01213,231.20618
28.312767,0.0,58.45662,23.514648
55.505188,99.19943,79.41565,140.51591
0.06198883,118.22829,14.27368,153.44334
24.790134,176.18417,49.290104,209.00601
73.40773,36.47854,110.61922,71.36093
