118.20508,510.19513,141.55643,542.06146
78.10504,425.11163,101.03363,458.19012
18.883957,358.91724,42.07509,388.12036
0.13931274,67.27861,23.31696,98.827225
77.7708,475.37595,108.4704,510.31723
30.894505,84.474,55.960514,120.230896
91.765396,604.8868,115.155975,636.3504
56.930054,173.8682,79.01637,207.66232
0.0,492.9217,18.215553,532.2089
0.0,570.06506,20.149076,598.7582
111.712616,413.08408,137.40898,448.85355
59.041656,563.4679,81.947586,593.6981
0.0,247.5827,13.623637,277.23462
28.070957,555.7501,51.412243,584.6698
29.587343,628.20447,55.85182,639.85876
