21.065992,536.66907,52.205612,579.1222
81.76104,428.27258,106.35499,459.7102
77.90698,345.97513,104.996216,380.03622
20.09478,223.47812,46.7089,259.2651
112.556335,355.29132,137.8262,390.65338
20.004168,472.9829,45.867966,506.6953
83.5128,57.575424,114.359314,102.70361
26.04567,330.84784,57.526062,369.81195
115.91223,191.77783,138.80115,223.75214
1.0859566,29.660719,25.948208,64.514984
51.43931,409.68384,76.32747,442.60352
56.135384,495.16064,79.0037,523.93994
18.797451,406.05206,44.317635,437.52112
118.26892,582.61566,147.29535,619.13336
118.31285,117.301735,144.91368,157.7015
52.692486,224.14471,76.531204,257.74146
0.19776058,96.48204,15.36365,132.85191
124.41623,11.427929,149.96432,50.473373
30.58374,622.5935,54.979446,639.9126
18.619003,294.9488,40.57866,327.46545
81.42629,176.47435,106.297844,213.77245
86.363846,525.3526,111.86806,555.076
8.26043,596.1615,31.820946,627.32947
0.040771484,258.3396,15.810517,289.08374
50.50361,291.6427,72.840904,318.82666
26.213818,26.946114,54.886196,67.71857
82.81108,257.42395,105.89502,290.419
22.933266,178.88806,47.37806,211.01862
59.979176,623.2717,87.1107,639.8994
52.911697,153.16583,79.9476,190.39911
115.92003,259.8746,138.74016,294.5756
0.0,0.0,20.721586,24.575562
58.935287,85.00192,82.4599,119.42531
