81.50238,417.65375,105.39932,452.0373
48.84453,331.9086,72.10224,366.79782
21.342115,267.83887,45.13739,299.69885
81.042595,246.04385,104.15237,281.24155
111.40985,168.11151,138.86133,208.34186
115.412125,269.71753,138.30447,304.51294
0.25726318,519.7361,16.96569,553.5222
50.227287,507.9757,74.46132,544.85
20.431967,475.51138,44.185814,506.62735
20.510191,158.1529,48.883224,200.13153
50.66546,232.4617,75.36116,264.1171
97.10219,51.403763,123.30571,85.778824
54.072235,92.14254,78.8199,127.93752
0.01969719,185.95197,14.532098,219.25128
93.174805,629.9999,117.74164,639.8922
