111.53169,388.44226,135.11497,424.13647
0.19779968,12.964447,21.820454,46.120132
82.152725,488.7328,109.36034,524.42303
118.057434,503.91885,140.92178,531.7384
76.52832,365.5987,106.823456,408.59015
121.70902,65.98613,147.90817,106.13774
81.535995,250.67432,106.72241,286.39374
20.921257,202.78812,47.163834,234.76697
114.39241,237.82501,140.37187,272.43933
1.6253738,587.8744,23.810986,618.2394
124.62277,10.725864,153.90787,48.54182
46.48989,287.41425,74.464516,326.18018
90.4146,580.8787,114.13808,612.55743
52.08101,438.31305,74.71961,469.073
24.310925,96.50304,48.819363,132.25294
27.723907,16.328476,56.546883,56.297417
27.497906,571.58997,55.369473,605.2528
54.519516,223.0386,79.51457,257.95517
0.0,67.626465,18.881363,101.59007
121.958305,594.0189,144.19574,624.6112
23.76238,519.3268,47.777336,548.9254
52.39245,507.0169,78.993614,539.8333
59.453167,568.45056,82.28609,598.2013
84.34367,81.90607,112.45686,117.38968
0.0,142.3268,17.14038,177.88646
117.39276,161.58438,140.56311,197.129
19.199633,305.64508,45.9606,343.6488
63.9563,0.0,88.19081,20.966251
0.11400986,491.87122,14.518069,522.6362
0.0,240.33844,13.617362,271.60806
82.04405,173.77316,106.60628,214.61588
20.894709,461.55783,47.825066,495.91177
23.161995,152.55226,47.884354,186.50175
55.56072,134.27332,79.51842,166.945
17.900253,263.07715,41.89447,294.63367
20.05838,426.232,44.199074,458.66107
