48.2119,202.81201,71.60979,236.1145
115.87688,352.08746,138.54362,381.05804
0.50686455,622.2959,24.340586,639.84546
50.65429,373.62012,74.35465,404.10815
25.871078,41.65377,52.00377,77.0473
0.14573765,501.6915,15.511975,535.5973
88.60614,606.3627,116.97487,639.7521
83.97242,107.85567,110.06013,143.77403
49.83992,455.10712,71.61076,487.76312
58.10845,23.317917,85.482735,60.956192
77.096664,436.27502,104.76436,476.34863
55.271275,541.96545,79.267914,572.0453
120.50532,557.3429,144.6369,589.6837
19.711136,399.37378,43.800156,430.3496
0.0,166.7558,12.024165,200.60754
