109.71045,275.87115,135.75262,310.83185
115.98399,508.21747,139.79152,540.5087
49.73725,383.50803,72.06818,412.52054
51.17308,256.85498,75.37845,286.7444
83.52431,419.11734,106.86131,450.76187
0.3914528,0.021945953,28.347898,16.66301
19.91835,439.21185,43.0451,471.77997
83.34422,551.75696,112.69728,590.91736
0.0,532.2461,16.543331,564.2793
0.29279327,119.00963,18.181713,157.38863
29.898617,586.28986,53.742435,615.38165
122.22429,114.13071,145.22957,148.41061
15.152927,291.9287,39.32128,322.39758
57.574142,28.358673,83.693146,67.172775
83.08099,85.719315,109.87979,122.02881
53.599392,110.10085,77.81314,147.47147
89.86928,12.9234085,117.2686,53.44529
23.011068,119.46788,47.148293,152.0525
