57.984016,563.65515,81.24058,595.411
60.261536,26.34562,84.69592,61.751656
50.386642,246.65271,74.70713,284.37036
84.445755,539.3583,111.94829,577.8546
110.54793,331.07034,135.4777,367.99606
81.087776,283.00647,105.57104,316.0647
0.29741096,0.043754578,23.4271,20.194412
50.560883,357.50946,73.99422,387.3692
20.192215,213.89041,47.040947,250.3851
50.574272,451.7998,73.209915,482.56458
27.911743,608.0735,52.1185,638.31836
95.31517,0.0,120.817825,16.672771
77.64376,418.63013,101.517265,452.53033
109.78972,192.67505,135.33783,227.54205
0.0,335.7387,15.219799,371.0584
0.07531738,624.05457,22.577465,639.8043
87.03349,110.634865,110.840744,146.61337
0.0,161.09448,15.109869,199.31284
0.5007858,624.35876,32.708652,639.9264
