84.05439,509.1983,112.40476,545.7784
56.82139,575.772,80.61674,605.3352
50.348923,283.35925,74.69235,317.19116
82.026245,408.63806,104.61221,436.92456
51.029488,496.72095,75.57862,528.58496
123.13046,563.3003,145.97519,592.22424
45.359398,351.53354,73.17108,388.63437
79.749176,271.30295,104.108215,305.1921
27.412956,592.5248,52.083466,627.6853
0.0,521.36206,18.7496,556.2859
85.9599,105.29225,111.60135,141.57649
0.08187866,100.30441,19.247116,136.67233
20.565939,189.48639,44.190315,226.0946
122.906166,101.773575,145.11649,136.43811
26.289526,80.856,50.834145,121.28548
56.597847,122.41396,80.27195,157.35739
0.8161545,392.76318,41.885963,447.42188
0.047052383,205.8425,14.774061,247.97989
0.037857056,586.1842,14.474064,615.8834
