28.328636,602.4165,55.912346,636.0991
113.538925,452.1166,137.93707,488.0084
85.52829,536.7676,111.997375,572.2527
26.111788,70.62621,52.767334,111.81742
81.12953,308.7729,105.29216,344.12067
24.67646,498.9544,50.158943,531.78705
121.62721,553.0325,143.87346,581.0405
0.0,542.4728,16.406109,572.0277
0.18523026,68.15924,17.300652,100.70978
56.10179,491.74,78.93976,521.00024
20.06701,238.0369,45.809593,269.7461
54.293213,278.04868,77.79277,311.71713
111.80652,303.70398,138.18481,336.9682
78.19136,425.38803,106.99104,467.0969
57.48713,563.1488,82.035576,596.0416
21.7885,131.83734,45.647827,166.7716
20.834188,465.37616,45.267677,496.1441
26.466066,555.8563,47.99164,585.1084
115.71242,219.45316,139.3081,253.00253
18.128166,299.83374,40.16547,329.72815
62.311802,622.48,87.206635,640.0
92.926605,611.8468,116.19118,639.5685
21.587166,186.97,46.820976,220.09848
19.117619,351.83524,48.8576,387.78513
21.363548,343.01312,74.41188,384.71527
0.0,194.93134,13.837227,228.68585
0.02075386,118.14586,16.70411,149.34978
47.023964,343.19574,74.48027,380.92224
60.55418,44.932022,86.00508,78.39574
123.62493,39.84301,152.01617,76.784485
80.56648,232.08548,104.97568,271.5227
28.202103,0.0,53.63891,19.711937
127.32158,0.0391922,151.62776,20.070564
91.97969,26.69844,119.63739,67.31394
1.8364639,626.79944,25.489231,639.8563
119.74065,87.67648,147.26955,129.41165
81.429504,133.08237,106.8475,167.92648
53.113495,191.63113,76.12846,223.18405
