20.432884,394.3103,45.443916,427.28174
49.44738,443.53363,76.1121,480.0451
19.671844,241.54993,42.861305,275.62317
83.10765,506.01434,108.77974,536.7341
111.77222,307.7715,134.89142,340.9316
0.0,82.339355,19.594053,125.826996
81.90225,244.7135,104.836975,279.50574
25.636646,536.10425,50.636417,572.4563
0.036197662,582.963,19.941483,620.5626
108.25859,439.46167,137.98076,481.4568
0.056999207,294.03897,14.593981,327.62497
50.03096,321.13922,72.30311,351.69696
79.14393,374.49692,107.74218,411.31534
25.869366,46.042908,50.767063,84.513565
0.17273235,504.66663,15.360472,536.15
90.47966,118.6637,113.11714,154.1564
90.359146,34.773506,114.649704,72.291374
122.353455,10.987625,148.07962,51.571022
0.0,403.37982,10.37057,429.63257
