80.436584,452.01495,107.86188,485.13916
51.6938,409.5824,72.74895,436.36975
116.563126,483.28748,141.06499,516.59216
17.488438,406.21893,43.838947,441.75214
25.13143,558.6166,52.005318,590.198
90.987656,552.40643,114.14998,582.12714
116.20829,177.5466,140.5552,215.74313
0.12418842,540.8811,15.684295,571.5215
79.1732,354.05457,102.63396,385.80823
50.802116,336.9381,74.222046,368.72266
19.129738,300.22366,44.07431,335.0117
79.18335,276.18323,105.94896,311.4619
94.77605,624.4321,117.88368,639.8047
54.139446,520.6041,79.81233,552.5956
50.203423,275.64642,75.20685,309.49634
21.3097,482.41052,46.734734,512.8006
120.707985,81.38623,146.74722,117.28142
113.041046,272.6861,136.1431,300.82928
114.59062,355.9239,137.81525,388.1656
0.5471058,27.206259,24.557665,59.77793
22.535019,147.51677,50.874443,187.08052
0.0,100.07976,14.035613,136.95195
16.678158,360.88098,39.135952,389.33496
29.259588,4.436432,55.78321,41.205437
19.750015,262.8858,44.720123,297.2343
0.0,353.43997,13.668062,381.84225
26.395468,91.984604,50.224556,124.72197
0.12182236,152.99478,18.373184,184.88998
125.72526,21.544847,151.50607,58.785706
54.436867,208.42502,78.571144,241.37503
27.773705,626.15173,54.102142,639.8712
79.234,145.0321,109.14805,190.00629
0.0,438.8556,12.146062,468.60254
62.64653,596.8461,86.39821,626.7663
