14.74768,471.58453,41.811783,506.45087
119.51575,531.3578,142.3675,560.4413
42.922157,300.11285,72.88689,346.73077
29.79971,0.04170227,60.353413,36.94491
83.929504,484.49982,107.69319,518.2063
89.25258,0.0,120.956314,26.06589
52.884323,487.53265,74.299904,514.5735
107.97299,341.03168,137.45358,385.72357
56.965202,588.93555,82.05941,627.5792
82.083984,295.18097,105.04733,329.16357
57.587723,94.83229,83.01781,129.50673
19.786133,195.71735,45.93319,234.14142
0.0,414.04712,13.008852,450.0415
0.0010671616,130.17334,15.084906,232.37369
