106.72804,477.359,134.00844,514.1475
33.99549,529.88025,61.918182,564.9999
26.789745,91.41597,52.211987,129.03227
123.19226,599.0885,147.9783,630.04724
48.884995,368.8322,72.249565,401.14056
20.446081,202.92049,44.77323,239.42897
108.28877,265.27356,136.72252,313.7771
0.2582016,0.0,23.145264,30.036228
100.37317,381.8576,131.88327,425.54987
31.33184,7.0429573,57.23001,43.736275
21.139408,361.71866,45.168774,394.08835
79.04559,302.10107,104.65735,336.31897
82.20702,466.09222,105.79453,496.35944
0.0,178.79565,14.469167,216.76807
56.186417,57.636734,84.209015,99.351715
80.54689,107.74057,108.0905,146.431
117.326065,6.9388657,144.8828,44.649246
0.0,241.06863,12.908589,270.90994
0.0,89.09891,11.981834,124.50098
