76.98372,395.11447,105.31679,432.6606
47.51915,352.41406,74.0,387.62415
111.198395,273.20996,137.54242,309.1341
81.964905,217.32433,105.64642,252.3846
0.0,531.83777,19.032919,562.14124
81.23076,315.83127,105.85924,347.43387
0.03360367,89.84355,19.649809,131.37714
51.76892,193.12772,77.38904,229.28806
86.78697,528.4497,110.354416,559.0559
46.853043,266.5398,71.72223,298.2113
49.323624,483.71906,75.6844,521.6806
121.050026,570.15955,145.53903,601.4498
117.0239,174.22745,140.66281,208.0422
26.64038,504.95593,49.784874,534.3838
115.977646,411.74765,138.5197,446.28842
90.179146,594.98346,113.98113,627.9816
120.33273,496.56622,143.67963,527.61176
27.210968,615.4577,53.03875,639.8936
53.29368,82.436035,82.348,143.08348
116.65657,87.001755,144.29735,124.080826
30.316414,11.203457,55.91926,48.248993
0.010587692,0.5272598,25.774666,38.795998
60.13515,606.2361,83.7603,635.16016
55.920567,559.646,79.28894,594.1301
90.9612,47.480198,115.62381,86.32977
0.0,252.46938,14.568134,286.82227
60.0147,0.0,85.94245,21.536798
122.9144,0.24983978,147.42896,32.810608
2.3020172,400.53006,45.603874,438.58347
