113.945145,260.83923,139.67279,297.11157
18.14526,278.24866,43.199078,316.3883
116.27963,172.07263,140.09366,206.0122
115.9283,412.60706,138.14168,441.8767
45.491333,330.57855,74.553314,366.92523
82.73221,211.92352,108.8544,248.31161
16.295895,153.9346,43.873486,194.97122
18.699787,372.89227,42.62222,406.3991
121.33002,492.17413,143.6152,524.73535
57.591583,531.37195,81.80771,563.31213
80.19538,420.32104,107.44944,458.07928
80.859024,295.1148,103.58574,328.29388
113.33748,331.5564,140.04945,371.76343
25.783455,524.6066,49.30832,556.2675
18.45123,459.7397,44.506134,496.20026
50.504723,441.48392,74.05284,474.92752
61.49115,44.40487,87.08246,82.00424
107.106445,619.0143,137.23567,639.7689
0.0,578.779,19.639978,618.31744
0.33545685,3.7474632,24.407501,52.930805
85.211945,503.90112,110.58905,538.3832
127.04777,0.0,154.65372,21.393848
51.7399,192.06815,75.755035,225.04245
27.958477,583.6207,55.60371,616.70593
28.607595,100.8253,52.282158,135.95432
92.98563,575.7599,116.2213,605.9364
0.0,352.2726,12.513896,385.2631
84.967926,75.65242,114.23462,118.816574
