18.79181,384.78867,42.652607,418.18088
29.148018,574.7776,52.23784,605.00366
0.0,503.48328,19.099506,532.66003
112.329544,212.30328,135.7964,250.60645
117.086365,166.86646,140.29242,198.14185
83.448456,364.98224,107.3353,398.49976
81.90995,167.06708,106.205864,201.6477
50.335663,413.09912,75.93256,448.2683
61.70823,37.481514,85.19732,70.616516
77.23517,305.04706,103.32788,340.9964
111.25856,282.3217,134.50275,316.01828
58.137165,553.3738,81.05617,583.85657
85.57837,518.7877,111.75787,550.58826
116.16009,88.88045,143.35968,124.50218
126.00895,43.68728,151.06009,77.16566
40.18864,475.53534,61.907154,503.752
28.211533,56.340435,51.2465,89.54378
0.0,447.47946,12.8654785,477.12308
0.076690674,120.67044,17.435795,186.25128
0.0,358.02267,9.646508,391.17404
21.511686,157.92746,47.03592,194.38745
28.00263,8.107334,55.482933,46.109795
