107.80971,221.99689,139.18236,267.7657
0.12338257,117.67073,20.560625,152.86797
79.07506,281.92773,103.03703,314.0597
20.130238,360.1541,43.890987,397.8084
49.989697,220.0488,78.01494,258.13812
21.405762,212.16907,46.85382,247.2862
107.94331,483.16132,131.70918,513.149
0.09638977,616.52136,23.016994,639.66785
21.053291,459.02008,44.969162,491.15485
83.74808,435.29297,107.37109,467.9458
115.95763,108.46849,140.75862,144.70566
59.130676,600.64764,84.31331,630.3869
86.682724,580.446,112.476364,613.14545
81.587234,137.66547,109.88664,177.6365
0.15190887,494.83408,16.441948,531.5397
51.443108,438.96155,74.68792,470.4458
90.92697,26.148315,118.17917,65.68161
27.099562,31.907625,52.509384,70.19661
0.0,229.16504,13.293574,261.0765
0.0,352.2494,10.353186,383.8822
57.533024,99.07579,81.31906,135.24135
