18.161346,613.84863,55.222893,640.0
45.485504,329.3016,67.64024,362.45218
32.66816,5.0886497,57.727432,43.901962
89.55752,550.07495,115.17696,583.5205
115.108,459.82068,138.71077,491.80664
79.56439,347.78986,103.84479,381.44745
48.7819,498.7752,74.57904,532.0081
79.41754,456.45142,106.76715,494.44073
0.1248703,563.3091,23.270565,594.2106
114.69861,308.244,138.55481,340.572
24.297695,144.62372,49.96426,180.94516
21.18738,254.32098,44.561188,287.0758
89.56291,89.624374,111.75911,125.544556
64.10158,0.0,86.25569,10.714285
56.533405,111.3736,79.869644,148.3707
0.41062164,0.0,25.490238,14.245728
0.0,229.2135,12.061054,261.0421
