18.748898,307.72235,44.043663,341.4698
89.77475,601.4319,114.49054,637.7202
79.47673,252.34952,106.75502,292.52408
31.863386,7.2672234,56.926346,44.53618
25.627151,126.571144,52.253426,164.73447
122.19992,121.102806,145.27457,156.73251
112.12831,417.03986,138.92964,452.00983
83.59225,386.26492,107.35641,420.68802
0.034313202,508.6191,15.58123,545.8928
58.883133,58.52109,86.12073,99.76816
0.0,397.8392,14.84407,427.45822
89.955925,83.55669,114.46729,122.551285
121.20285,626.64716,144.85046,639.7836
42.561806,389.02216,75.48748,424.69403
4.1093826,595.1703,31.34505,628.9542
0.008384705,243.61407,10.647488,275.33673
