57.46318,586.3668,81.21413,618.89734
90.11483,4.47258,116.342674,43.46685
91.524124,117.93362,119.937485,159.18076
24.331894,502.32574,47.699516,532.7552
50.26478,285.69318,72.591484,319.9944
113.32619,203.65549,138.29326,240.23987
22.549112,269.89655,47.080696,300.773
10.836449,448.5649,33.93006,477.18857
26.820673,166.74384,50.160484,199.45282
27.426231,344.52115,50.482452,376.08676
120.3,571.27344,143.85121,601.948
110.33653,355.9906,139.29152,396.56592
53.10878,462.9726,78.28122,493.74786
27.699112,569.912,55.711845,603.57227
80.33324,387.87598,103.92529,423.74323
90.01265,595.5613,112.801544,626.7971
0.10935974,159.5552,15.715342,189.96213
51.330788,58.16679,83.1668,104.34544
0.019506454,99.05116,19.44586,130.47862
29.88916,35.298256,55.566628,72.39585
60.886467,0.0,85.05747,12.958297
0.0,250.37473,11.687801,283.45523
