113.25902,437.59076,140.96031,474.143
82.4255,451.58966,106.90366,484.47687
112.446075,257.2386,137.3888,295.0467
0.020620346,539.413,18.154701,569.93097
19.36826,280.8724,42.76549,315.85214
51.529266,600.1026,83.22522,639.5256
49.92826,420.17694,73.813866,453.00592
33.393246,547.3534,56.24158,578.806
76.45181,323.93887,106.63922,365.2253
0.002817154,398.64648,15.874535,428.18622
88.86888,23.160423,117.61235,64.43671
21.542831,449.95398,44.20089,477.7527
27.051697,118.74754,52.164574,152.83235
117.983475,72.67963,145.95033,113.43959
120.48372,576.4023,143.82274,607.84845
57.48652,71.65834,81.716866,109.11363
