1.4152107,20.928247,25.94328,60.805183
77.87012,367.08295,104.48773,402.15057
123.386154,609.6605,151.95824,639.9597
114.588425,392.8986,137.92607,420.756
121.836395,0.25221634,150.85104,34.613316
115.868515,491.13574,140.06847,526.9174
0.12855148,550.85706,20.90414,582.7239
86.35944,577.8843,115.689354,618.50244
19.844864,410.42847,42.19893,444.78778
89.01213,50.240513,116.47304,94.24652
0.13014889,169.36157,15.598585,203.71143
16.46101,362.20166,43.620903,398.7248
24.150948,147.40073,49.451813,183.78854
115.52547,442.44492,144.16042,479.92758
24.467611,500.15656,47.99006,529.46783
15.583881,307.13348,39.546486,337.58868
120.681015,566.39465,144.38802,600.5945
49.159737,431.31073,75.179146,464.4516
119.261246,145.61234,145.1657,178.93454
28.022625,567.4153,54.921696,596.7644
0.23531532,92.9633,18.54267,130.95523
58.29047,526.6911,82.08002,557.2216
112.53471,256.4146,137.12779,289.84747
80.01735,426.4657,105.08467,461.36487
56.895855,142.94713,80.344376,179.75172
121.962494,575.0902,151.38336,639.9669
110.910034,320.07953,135.95844,354.7514
