0.3085308,590.9906,22.513512,621.7677
0.0,446.54724,17.633461,476.59766
0.2744255,5.6888466,24.114857,43.444378
121.17679,551.41187,143.64597,582.87573
58.108273,545.0857,81.61154,576.2544
89.52438,499.38455,111.49625,529.59106
115.70178,365.31097,138.49338,397.5594
79.14972,405.0666,108.219376,448.0473
115.866425,244.43933,139.72296,280.76007
37.939064,419.46512,75.93163,464.31454
85.637344,180.12936,111.41017,216.3458
53.652344,274.1585,76.924545,307.43317
79.2867,299.8446,105.41603,335.82068
0.070934296,135.7095,18.139935,168.16672
23.049763,491.8509,46.42396,522.61993
94.05879,15.045219,120.77643,53.492287
20.8363,370.87717,45.795437,403.7861
117.161835,156.02219,143.6464,192.43979
0.0,370.9893,14.995237,404.05313
25.13024,109.35191,50.983345,145.12093
24.278578,176.73004,47.701492,208.39935
53.49402,80.10777,84.63098,124.555374
53.3567,154.02173,77.62352,188.22162
88.96547,80.62369,113.89696,116.92102
0.0,326.7446,13.623154,360.07907
0.01579094,274.11844,10.866835,306.23337
