112.35527,198.74622,138.20113,233.82672
18.37394,256.69617,41.727196,290.03223
122.352745,19.336565,148.35312,56.487473
58.429226,38.05591,82.82614,74.72281
91.79482,454.93994,116.71894,489.20813
85.18651,142.00095,107.82025,176.7963
20.685997,525.95447,45.34024,558.1937
79.382,316.9027,105.27681,352.5752
24.002064,118.01612,47.100277,150.71991
44.942345,356.35767,71.03062,392.37775
52.584923,151.84555,76.204094,185.43591
116.65256,590.75995,143.76968,623.8531
0.0,571.0102,14.311125,600.06195
0.19407558,212.65057,15.665744,249.97519
41.638824,597.7808,64.59161,630.4118
0.0,428.89172,11.341855,460.2173
0.0,294.06097,11.164055,325.12762
