115.951744,485.4209,140.47415,521.00793
0.0,506.17383,19.626482,538.61096
20.666054,377.39905,45.033096,410.47577
83.000336,471.16272,107.18439,503.51892
80.241234,381.66083,104.07873,413.3246
26.087639,541.5225,51.093117,575.6436
0.0,130.31604,18.966566,165.71698
116.142105,289.1338,140.3004,323.4231
80.50644,291.32666,103.61009,325.32983
112.86113,225.89883,136.15794,261.2521
122.19324,68.64978,148.74738,107.631836
22.10481,471.5426,45.589584,501.85034
79.80051,160.50043,104.739914,196.03052
0.12453556,420.09894,14.677005,451.5517
1.2827759,60.03874,23.911907,94.29045
18.001778,113.67735,51.303154,161.90266
56.116844,436.24048,78.73153,466.06763
55.88012,97.04047,81.5938,134.01712
0.11457062,213.16162,14.692675,251.33197
59.720135,591.0983,83.506454,620.2292
84.98494,65.95618,113.179794,101.67337
58.360203,516.2541,80.24832,543.60785
57.558826,18.76064,82.92934,54.92026
51.05333,214.92657,75.131,250.67871
85.54521,581.3063,116.310776,624.9491
124.24731,631.90753,146.81873,639.92914
21.488823,214.70126,50.65365,250.02289
