0.0,529.8558,18.712105,564.7087
50.698746,480.42035,75.36823,515.6979
17.489155,318.73743,40.21494,351.10974
80.853485,408.6778,103.91684,439.53766
22.369865,429.80792,46.805595,459.34247
115.92239,321.1998,137.80211,352.15964
79.34066,253.11475,106.966286,296.6604
0.0,186.26064,16.455946,229.64442
48.076385,151.48505,78.27548,196.82635
85.267044,515.5216,109.54521,547.91956
0.20069885,50.629955,22.536983,92.79378
108.91469,400.31134,132.58354,433.70563
49.65464,309.99115,73.761375,343.6496
108.06673,149.37079,138.57573,190.91904
0.0,380.58658,11.961976,410.61502
89.137085,55.61049,113.343506,95.21564
23.21445,76.17703,49.883656,119.711685
