17.971092,321.30267,41.24676,355.557
81.702515,280.9344,104.94052,315.414
20.1353,426.1281,43.167027,457.98273
122.72792,612.0902,151.08101,640.0
80.98828,451.0207,107.59775,484.99347
107.85062,400.59222,135.05237,434.26562
24.838074,512.9441,48.13246,543.8236
48.4665,410.89514,74.726494,450.9541
0.20871449,86.89087,15.298835,124.60007
84.96629,582.4409,115.60402,622.5271
122.93111,3.2793655,148.41292,39.558918
106.94586,103.454636,134.20923,139.81989
58.27057,64.23532,83.821976,104.44998
50.255157,239.70636,74.44763,270.81854
27.654186,576.32,50.70757,607.29535
92.37268,35.813652,117.25281,76.570564
0.85907364,605.54486,25.258774,636.4345
59.96406,593.7235,84.36525,625.62854
13.736504,147.73532,48.79637,180.91708
0.0,259.80334,11.547245,290.4264
