21.58539,387.6604,44.489258,419.15613
115.06946,213.9278,139.91792,249.24896
25.192162,84.037895,50.394104,120.37405
82.77649,329.81213,104.911896,360.92596
50.11035,262.45477,72.11729,296.09723
0.087436676,488.21747,17.46038,520.26385
53.454826,479.3285,78.457375,512.41394
87.69084,495.011,110.66432,528.26624
0.02487564,171.78174,16.05399,205.23615
1.1962147,610.1697,29.08001,640.0
113.61919,595.82043,147.81923,639.4131
22.807241,228.93674,46.778587,262.03983
20.323273,478.90594,46.81376,512.32135
86.71382,97.33118,110.85959,133.72556
90.61769,155.68974,114.87384,187.72276
55.980194,136.46935,81.46854,171.39296
45.617355,374.40283,72.58446,405.9381
0.0,388.85822,14.865868,423.52008
0.0,77.033966,15.9318075,117.20993
59.74933,597.2517,83.40021,630.9336
