113.388336,225.43839,136.14212,257.19244
74.54034,329.13943,102.89109,367.72855
81.24674,173.55849,107.39655,211.68712
82.78148,384.50397,106.57045,415.93695
91.65469,72.76585,114.59711,106.92242
50.443565,208.3691,74.56877,243.98802
0.0,76.23947,19.8621,114.34444
27.411293,159.09189,52.515656,190.80234
19.369667,626.08984,50.629906,639.8379
123.65001,614.7388,147.93748,640.0
22.57476,514.89905,44.81913,545.5404
20.648773,351.25604,44.571014,380.9837
0.18008327,480.05127,14.846448,511.34253
87.956635,565.8931,112.869644,599.4571
58.43648,97.92891,82.40724,131.8779
0.0,377.35275,12.543771,413.03787
