0.0,557.5285,19.726704,589.0433
107.47943,287.87112,135.52676,329.77798
89.38252,596.67914,114.14545,631.4904
115.81645,486.43713,141.34377,519.39124
0.088142395,505.9001,17.00496,536.7382
115.712616,357.24368,139.84152,387.48514
18.113972,379.70813,41.267616,411.49792
81.03729,464.5384,107.79605,497.2586
58.964214,550.9276,82.83531,580.8656
20.526169,438.41217,44.34455,471.92163
18.459343,259.78717,42.707268,293.79437
58.606102,26.19384,83.93665,66.33473
48.24408,189.79901,74.71378,226.57635
119.80672,562.5908,143.32289,592.8052
89.374245,0.0,116.65792,19.867609
117.109924,99.50169,147.01608,139.23994
27.700184,595.3478,54.24278,628.65247
76.76398,305.9652,105.22119,344.9972
20.66472,148.5935,48.0728,186.11603
78.32208,368.76324,104.09326,401.65826
119.12164,204.34866,141.97006,238.67978
118.21716,158.93015,141.57825,191.98642
17.318916,308.31824,42.112793,340.35803
47.697014,360.96545,75.89531,397.13196
48.052826,246.78879,72.707886,283.61905
0.005970955,354.44116,11.700568,389.49524
124.16541,0.0,154.27618,19.054993
84.374435,546.74316,111.81023,579.11523
25.124462,489.4131,48.630238,519.90234
32.660812,0.0,58.133766,17.136017
79.64769,216.89339,104.90764,253.70781
0.21790695,34.361866,36.545692,116.383255
