90.300995,31.365515,118.48561,73.87136
3.8592186,372.4156,43.937027,435.1491
79.47621,409.5097,104.315674,443.81818
48.32985,467.46753,75.404465,503.2041
0.0,138.99759,19.085089,186.19342
84.23424,208.71957,108.66969,245.00848
32.410072,2.685997,58.151566,36.185547
22.90968,121.574844,48.13384,158.00859
79.31079,282.31937,103.67078,314.37827
112.15634,516.4818,140.74216,555.70105
116.173355,135.18494,140.9741,171.27612
0.080616,561.5317,21.755817,596.8669
52.891685,177.35736,77.70228,208.66376
0.0,304.8883,13.506516,334.91266
25.476847,512.68823,48.891594,541.093
59.602932,576.66547,83.59332,608.5866
90.14287,621.5868,114.42662,639.8739
