11.965053,236.91379,34.88889,267.44077
29.617191,576.72107,54.47555,611.01135
49.66472,266.09805,74.23572,297.20724
116.932846,474.2055,141.48235,511.21796
0.0,482.477,18.973564,515.8802
18.44453,293.69586,42.66154,327.06354
24.202204,444.92587,47.15148,478.09042
91.17487,40.643097,115.99444,80.72528
28.350647,0.066532135,59.619255,36.277058
93.75,423.39832,121.38071,458.90784
81.50391,346.98285,106.37402,380.54376
107.98912,156.49323,134.10742,191.83856
84.00601,251.40613,107.62747,288.81573
0.0,56.078686,26.964064,112.776566
54.091686,505.23877,78.10298,536.327
23.232513,182.62073,47.8244,215.43604
52.902092,172.10196,79.59676,209.80704
