49.333084,190.29666,73.59825,226.88058
20.959763,418.25244,44.03627,449.6322
0.094148636,2.18573,23.8085,44.6708
86.87921,562.53687,110.95401,591.79736
120.172424,554.688,144.2923,585.3451
76.02896,395.5531,104.19269,434.87866
18.699013,249.47456,42.729843,283.7542
91.62187,195.93274,119.00464,230.17917
0.10141945,104.02283,21.164448,140.68216
47.103226,355.65646,72.78897,388.36044
119.61374,13.934517,149.90964,58.718178
24.002325,541.714,47.691185,572.22473
111.88966,244.69196,135.38098,278.18195
88.86806,85.928665,113.87305,131.06784
109.49989,414.09064,132.22446,445.82782
62.087997,25.793531,87.86609,63.82138
0.0,402.77972,14.714518,435.3789
0.488739,632.13635,24.238327,639.8832
0.0,304.18774,10.285208,337.14648
