18.03453,224.81467,41.99485,257.21606
75.54993,350.46194,104.12729,387.9473
76.87919,237.5354,105.31782,278.65576
52.58248,593.7049,84.674034,638.94696
24.210121,105.264206,49.81122,144.25807
18.368582,298.39758,45.93618,337.50232
44.51214,485.7594,72.05898,518.91187
50.74112,230.71387,73.668594,261.84796
113.5957,401.48895,135.82196,432.0678
123.91588,66.23671,147.16386,99.265335
89.9433,88.76937,112.66321,122.281166
24.988356,443.71545,49.481644,476.9275
2.6759949,599.44995,28.073612,631.7471
124.236084,0.0,144.70813,7.9057827
55.27083,95.84015,79.81656,130.56946
0.14043045,392.6648,16.634706,455.41248
