81.22104,292.40417,103.96651,327.2094
0.12330246,420.32513,17.315765,459.08905
46.732147,260.0622,73.63562,297.96112
22.099411,475.3974,45.858253,508.2718
0.0,94.2897,20.319847,127.21907
49.561863,40.6812,79.185455,75.71448
79.10472,430.60138,104.55937,463.30585
52.225822,195.7764,76.5169,232.11874
113.576355,358.98566,136.29391,392.67975
0.07554722,544.72705,15.383864,576.7461
121.60852,29.029724,149.57224,69.084724
58.39612,569.4193,80.810486,599.2289
114.960236,457.10406,139.00632,487.60052
117.09796,171.53705,141.88464,209.00534
27.35215,566.55383,51.96895,597.9346
91.54986,56.56641,115.29322,92.71335
49.274147,418.2872,73.604485,450.31497
22.109797,386.0271,43.271492,415.78723
