49.916954,327.11374,72.04832,358.61014
112.54999,315.14624,138.96674,350.0569
115.3123,490.24237,138.24466,521.19446
115.42473,179.68588,139.69838,214.13309
81.26947,430.95447,104.12891,463.00977
82.19833,323.89282,106.29289,358.0359
123.28287,606.78564,147.98691,640.0
53.59298,514.6146,79.237465,548.9794
90.626434,556.1498,114.59073,587.31335
22.906996,484.65247,47.317352,518.46216
63.878147,626.05206,86.47812,639.8306
119.23636,38.304153,148.11478,84.62498
51.873253,210.85544,75.23438,243.83463
20.513306,212.4497,45.132294,243.64569
0.0,458.12048,13.560371,492.61157
0.014866829,67.250595,15.523792,104.247894
19.494383,85.93082,63.11058,132.78487
94.579254,0.0,113.611176,8.91791
11.982881,628.2038,28.014969,639.92145
0.29377365,628.1483,27.305601,639.905
0.08310604,272.21326,8.254541,302.99268
