80.49873,345.6424,104.870255,377.91498
0.0,561.053,20.111645,592.8091
88.196526,561.03796,110.82511,589.9369
118.67621,525.4772,143.32324,558.3617
45.126205,336.00922,69.53132,371.3841
19.6902,261.9389,44.58716,295.3885
23.938244,481.9477,47.52676,515.79486
0.13304138,0.26252365,26.195827,34.162956
81.617096,224.8728,104.36487,257.23187
53.14916,156.30112,78.7281,191.87259
56.062355,0.17279816,87.12321,43.485367
109.357025,226.35489,134.39978,260.72195
0.08593655,458.1468,14.384025,487.3459
24.818905,108.79794,49.873142,144.04973
87.96562,65.68744,116.652435,109.546844
118.962555,144.30734,143.59195,178.25443
40.594017,575.69324,70.9867,610.1865
0.03771019,145.84663,16.390476,179.81377
121.14079,0.0,148.58125,17.148468
0.0,318.34543,13.622607,354.79654
