0.18071938,372.16138,14.753611,407.72144
56.32256,555.8479,79.33504,588.41406
81.38141,403.2279,103.27528,437.32532
89.10427,574.63464,113.53994,607.0791
22.888924,442.82004,44.48266,471.44083
111.139435,332.0218,135.56839,366.79236
23.853699,197.07762,47.092308,235.1667
0.026556015,117.166115,19.070578,153.23367
48.605614,416.50946,72.42813,448.23975
121.26619,60.985874,146.71422,101.961975
30.138687,84.39032,53.084328,122.50775
52.68679,144.96188,78.54885,179.33182
0.45687103,630.0654,24.65282,639.87915
