81.56969,263.8384,104.42757,299.11227
46.628166,235.18192,74.66781,272.68677
113.22426,332.39227,136.03627,366.34625
0.4663887,63.759583,22.877598,95.44499
78.09489,402.61578,103.3639,436.03412
91.91402,24.08324,116.83739,62.103863
54.093227,168.72043,79.7301,204.79843
49.434174,393.40906,72.71065,426.40088
113.76437,428.15125,138.51105,460.65405
20.160273,451.30426,44.422585,482.61066
25.50278,540.155,50.305645,572.604
57.154545,547.5843,79.167786,577.38116
0.0048446655,391.78424,17.51475,430.10638
20.658478,360.7488,43.83751,390.74716
122.80145,0.34967422,150.32822,38.403355
52.683815,3.1258545,82.71305,41.46614
118.622284,141.198,142.66888,178.9513
0.0,518.1085,14.483733,552.1605
59.365105,630.5356,83.656334,639.87555
