49.400085,401.70813,74.41847,436.87042
109.84883,437.34665,140.15002,485.0792
17.747026,0.0,57.909927,36.659645
19.697186,435.81674,42.716057,468.6948
25.729568,152.03174,52.27713,189.9638
86.89,335.12595,110.40312,369.21848
0.07225227,68.02687,17.304876,106.35536
80.736496,180.73398,107.060776,217.76462
42.1848,319.1606,74.879105,359.93686
27.317436,592.50305,51.861473,626.38257
19.52647,325.77756,48.372112,360.24527
110.478165,534.3561,143.11938,577.3932
49.763252,200.60876,75.30862,236.73111
18.71537,254.80873,42.32402,288.69153
91.69072,0.64575195,121.01842,39.492317
58.939434,34.445755,83.74403,69.789246
126.13132,0.0,152.24814,27.373
59.601017,614.3325,83.459625,639.834
0.0,186.7724,15.0148945,226.10925
0.0,417.86383,12.4399185,445.43207
0.09988308,356.4813,10.199627,391.35483
86.94144,578.74023,113.09683,612.0636
