0.19088745,572.5081,22.817738,604.4528
107.37514,210.44397,139.14403,258.05627
120.319885,530.8648,144.14722,563.29584
81.582596,421.4286,106.3221,453.20947
115.15195,353.51263,137.94986,383.54657
86.273865,476.84747,110.20645,509.98907
25.979097,496.06128,48.288086,525.14764
83.57486,358.7176,106.64784,392.29706
0.20670128,25.688133,25.08451,69.8629
83.08305,177.69603,111.32909,216.32344
124.57141,605.6321,148.6972,639.30286
45.805176,394.1878,75.392654,433.46686
56.97338,540.01624,79.97793,572.20276
80.17816,283.0344,103.406006,312.5436
20.011017,302.55188,43.391678,333.938
56.106606,148.4828,81.45519,186.84245
21.873869,440.62268,46.39966,473.09985
24.589912,83.782486,52.354546,130.38368
88.60005,580.34924,115.02881,614.27893
53.98259,472.47318,76.26526,503.78104
2.1027489,217.54007,27.298977,251.67496
48.405724,251.1923,75.594925,290.82843
0.094184875,166.69836,15.263909,204.831
88.699905,74.058136,113.86565,110.68317
0.0,458.3181,13.212444,487.06873
