16.108643,265.87875,43.087967,300.645
0.0,584.2544,19.317327,613.7372
116.34002,138.28009,144.0492,177.36066
44.96456,325.81183,72.77272,365.81012
0.068590164,72.69029,22.266155,106.09459
18.191925,394.6358,41.25522,427.29657
82.62309,449.69403,106.21953,478.1275
115.35327,474.26117,139.32968,508.4607
0.0,185.51619,15.103834,220.98656
79.22557,354.96033,104.702225,388.51788
86.24846,261.14954,110.011765,293.77197
57.929604,573.3331,81.697914,606.50867
90.77864,611.8499,115.29207,640.0
120.37118,557.9199,143.44644,587.1338
93.88081,47.17067,117.760345,81.56813
126.350586,18.490326,150.4831,52.005943
28.598446,38.62137,54.547443,73.46373
86.624146,535.99164,111.627716,568.09174
59.688595,84.48883,83.3797,119.9563
24.272404,463.20422,47.66699,492.5108
51.782448,476.27545,77.46122,512.29376
0.0,356.75232,10.781911,388.9298
