117.240814,483.0423,141.15216,516.7189
0.042881012,548.9302,19.619953,586.6996
19.368824,261.19403,43.78887,295.70746
82.416985,127.33005,110.10218,166.35013
49.661118,380.10822,74.25645,413.08728
120.31996,51.315697,147.09975,90.09443
51.477493,284.28583,74.13838,317.92755
26.50418,517.9991,50.20427,547.9206
28.097935,19.561857,54.423923,55.793564
0.29850388,0.0,28.246819,20.553041
62.676804,21.876757,86.166016,56.831543
51.73024,480.6953,77.93492,512.53253
86.17884,471.52502,108.983955,502.95068
108.816696,287.5229,137.49605,326.8294
82.11545,291.9249,105.76369,324.65714
0.0,384.80084,13.086105,420.76398
