20.122833,418.7019,45.327606,456.62427
121.04303,593.05585,149.86996,630.85724
113.05437,276.28864,138.35234,313.6053
114.574875,440.05774,140.34315,471.19116
89.80975,553.4831,112.493576,587.46124
18.289268,219.67935,43.959145,256.0205
115.796005,150.3046,139.8649,187.85867
24.268375,498.68994,50.833584,534.4481
76.09746,382.89374,104.912155,423.75616
0.08452034,580.10767,20.777065,612.29004
120.42866,516.2677,146.61731,551.0526
51.523514,394.6997,74.51811,426.6266
26.239754,108.098694,50.616722,145.89032
0.26340866,47.047634,22.630058,82.01114
84.48309,489.49866,111.13934,524.0873
54.54513,195.62419,77.433105,226.50444
58.335724,595.3812,86.40971,629.9291
12.32834,299.64,43.322227,344.2312
0.2530594,151.11111,16.040602,184.84262
28.442915,589.7162,52.731796,621.8906
19.707245,365.7226,43.84404,400.2486
82.31672,259.7013,105.747444,290.68127
57.9851,27.92386,86.008354,68.0647
123.336716,37.41987,148.57954,74.05937
28.583035,0.07998657,55.04118,32.269707
52.292027,132.16003,78.14157,168.98474
84.50586,75.769394,112.17497,113.872574
85.77043,171.51292,109.91957,204.36824
54.33641,485.93024,77.53162,516.47797
