113.36482,234.4049,141.4459,276.42535
36.17765,359.02307,73.0837,413.5428
82.67809,359.5459,105.65281,389.41028
19.441277,218.98564,43.638283,254.22356
19.206644,140.6036,45.404808,181.49521
50.94757,171.94312,75.5794,207.68085
114.2099,436.43613,138.19376,466.71158
25.680267,66.81235,50.797333,101.9194
90.69866,9.851463,117.36355,48.92977
80.08501,219.28198,106.53941,253.54456
57.003834,488.70166,79.63585,523.0134
82.3337,447.427,106.67448,481.18854
90.25943,618.4434,114.95726,639.9223
118.755104,97.79826,145.38205,137.29001
0.107720375,540.87836,14.513785,574.5075
83.44549,516.68066,111.52955,553.2761
57.432987,72.919876,81.71448,107.1945
51.82991,248.19937,74.85373,280.707
21.924572,494.58524,47.9911,532.5574
56.5132,557.1415,83.72266,595.51013
29.618374,329.38,53.08933,360.96997
0.020144463,72.14247,15.660728,108.88521
0.0,185.16434,13.416658,216.86002
85.58623,80.126755,112.53975,116.155945
0.0,383.8841,10.995056,414.05048
