38.534393,0.03609085,67.10315,30.638294
59.595573,569.7256,85.35424,602.07983
109.2471,283.725,136.41245,319.3314
115.31268,494.25226,138.40155,527.85956
83.26944,470.83435,107.76933,504.9062
23.675465,170.00024,50.091076,206.8894
88.610214,613.6078,115.58534,640.0
9.445536,575.7969,55.312584,635.3956
9.228789,450.48663,34.85898,482.01703
0.0,108.55971,16.597155,144.70624
0.0,267.78918,14.266207,300.9757
83.78772,252.06763,107.49083,287.1778
91.35005,111.16228,122.09569,153.58199
42.498314,262.49524,75.586624,302.37946
0.0,382.94366,10.978003,418.2209
